timestamp,profile_1,profile_2,profile_3,profile_4,profile_5,profile_6,profile_7,profile_8,profile_9,profile_10,profile_11
1/03/2017 0:00,0.225,0.013,8.04,0.095,0.455,0.248,0.134,0.131,0.001,0.037,0.063
1/03/2017 0:30,0.223,0.046,7.792,0.056,0.477,0.253,0.129,0.135,0,0.037,0.053
1/03/2017 1:00,0.208,0.03,7.16,0.081,0.471,0.253,0.145,0.138,0.001,0.041,0.086
1/03/2017 1:30,0.223,0.016,7.28,0.045,0.453,0.22,0.131,0.113,0,0.04,0.08
1/03/2017 2:00,0.22,0.066,6.612,0.083,0.477,0.235,0.165,0.672,0,0.037,0.095
1/03/2017 2:30,0.218,0.061,7.94,0.047,0.471,0.19,0.134,0.137,0,0.1,0.052
1/03/2017 3:00,0.203,0.068,13.068,0.073,0.444,0.245,0.138,0.125,0,0.153,0.063
1/03/2017 3:30,0.218,0.013,14.34,0.054,0.514,0.198,0.143,0.111,0,0.116,0.055
1/03/2017 4:00,0.123,0.052,15.04,0.066,0.591,0.487,0.126,0.138,0.001,0.035,0.059
1/03/2017 4:30,0.113,0.026,15.768,0.063,0.623,0.218,0.143,0.176,0,0.09,0.059
1/03/2017 5:00,0.103,0.024,15.9,0.057,0.602,0.223,0.145,0.147,0,0.068,0.078
1/03/2017 5:30,0.12,0.047,17.112,0.069,0.624,0.215,0.141,0.145,0,0.041,0.094
1/03/2017 6:00,0.39,0.016,19.34,0.054,0.62,0.453,0.123,0.2,0,0.036,0.071
1/03/2017 6:30,0.113,0.029,18.54,0.073,0.618,0.758,0.03,0.588,0,0.083,0.065
1/03/2017 7:00,2.05,0.045,17.572,0.047,0.618,0.843,0,0,0,0.122,0.048
1/03/2017 7:30,6.335,0.011,21.972,0.839,1.791,0.88,0.002,0.295,0,0.126,0.065
1/03/2017 8:00,10.38,0.033,23.64,1.034,2.135,1.033,0.072,0.005,0,0.118,0.048
1/03/2017 8:30,9.865,0.043,25.12,0.386,2.198,1.143,0,0,0.841,0.605,0.266
1/03/2017 9:00,7.328,0.01,24.96,0.285,3.006,1.53,0,0,1.674,1.331,1.271
1/03/2017 9:30,5.688,0.036,22.308,0.255,3.485,1.56,0,0,1.746,1.415,1.396
1/03/2017 10:00,2.688,0.041,20.752,0.288,2.625,1.38,0,0,1.762,1.414,1.32
1/03/2017 10:30,5.525,0.01,22.64,0.284,3.12,1.208,0.047,0.087,1.739,1.364,1.253
1/03/2017 11:00,6.703,0.042,21.008,0.642,2.747,1.203,0.011,0,1.414,1.075,0.935
1/03/2017 11:30,4.405,0.036,20.12,0.705,2.918,1.29,0.057,0,1.256,0.842,0.729
1/03/2017 12:00,6.3,0.012,20.22,1.304,2.792,1.245,0.071,0,1.272,0.848,0.753
1/03/2017 12:30,3.85,0.049,20.792,1.737,2.864,1.34,0.728,0,1.268,0.848,0.754
1/03/2017 13:00,7.535,0.029,19.532,2.04,2.967,1.57,1.134,0.032,1.26,0.844,0.782
1/03/2017 13:30,7.703,0.021,19.952,2.679,3.845,1.41,1.091,0.014,1.257,0.823,0.707
1/03/2017 14:00,6.668,0.051,20.048,2.035,3.804,1.103,1.269,0,1.252,0.652,0.576
1/03/2017 14:30,8.888,0.02,20.14,1.227,3.659,1.033,1.304,0,1.256,0.653,0.507
1/03/2017 15:00,9.402,0.033,19.88,0.073,3.731,1.54,2.694,0.047,0.32,0.211,0.258
1/03/2017 15:30,9.877,0.047,19.512,0.105,2.857,1.198,2.793,0.21,0,0.024,0.054
1/03/2017 16:00,0.565,0.014,19.12,0.071,2.841,0.652,3.024,0.71,0,0.023,0.066
1/03/2017 16:30,0.158,0.049,18.4,0.128,2.679,0.433,2.744,1.568,0,0.024,0.089
1/03/2017 17:00,0.125,0.032,15.868,0.114,2.679,0.395,0.86,0.774,0,0.023,0.092
1/03/2017 17:30,0.133,0.022,14.66,0.099,2.013,0.3,0.128,0.789,0,0.024,0.09
1/03/2017 18:00,0.123,0.062,13.248,0.09,1.784,0.525,0.148,1.047,0,0.024,0.07
1/03/2017 18:30,0.17,0.064,12.72,0.086,0.928,0.253,0.171,1.454,0.001,0.023,0.066
1/03/2017 19:00,0.212,0.069,13.08,0.075,0.503,0.218,0.162,1.709,0,0.024,0.053
1/03/2017 19:30,0.23,0.049,12.7,0.093,0.498,0.25,0.2,0.543,0,0.024,0.069
1/03/2017 20:00,0.23,0.032,13.448,0.059,0.479,0.2,0.156,0.484,0,0.023,0.049
1/03/2017 20:30,0.225,0.033,12.192,0.088,0.48,0.268,0.17,0.608,0,0.024,0.101
1/03/2017 21:00,0.212,0.048,11.532,0.063,0.458,0.203,0.162,0.755,0,0.024,0.079
1/03/2017 21:30,0.212,0.013,10.668,0.081,0.45,0.233,0.153,0.501,0,0.024,0.091
1/03/2017 22:00,0.233,0.053,10.64,0.066,0.455,0.21,0.192,0.544,0,0.023,0.055
1/03/2017 22:30,0.228,0.027,10.68,0.075,0.452,0.31,0.152,0.408,0.001,0.025,0.062
1/03/2017 23:00,0.475,0.025,9.4,0.073,0.453,0.23,0.168,0.297,0,0.024,0.059
1/03/2017 23:30,0.212,0.052,9.092,0.073,0.455,0.26,0.155,0.245,0,0.023,0.057
2/03/2017 0:00,0.22,0.013,10.428,0.093,0.441,0.328,0.165,0.24,0,0.024,0.076
2/03/2017 0:30,0.225,0.038,10.74,0.059,0.429,0.433,0.183,0.206,0,0.024,0.085
2/03/2017 1:00,0.225,0.041,10.132,0.088,0.438,0.223,0.155,0.216,0,0.024,0.096
2/03/2017 1:30,0.212,0.012,10.06,0.051,0.44,0.21,0.173,0.195,0.001,0.024,0.057
2/03/2017 2:00,0.21,0.048,11.7,0.093,0.44,0.253,0.153,0.216,0,0.142,0.068
2/03/2017 2:30,0.22,0.03,12.432,0.057,0.429,0.2,0.17,0.197,0,0.07,0.048
2/03/2017 3:00,0.228,0.02,13.972,0.083,0.427,0.238,0.155,0.208,0,0.023,0.067
2/03/2017 3:30,0.212,0.049,14.2,0.063,0.564,0.203,0.176,0.201,0,0.063,0.05
2/03/2017 4:00,0.105,0.02,16.672,0.073,0.573,0.24,0.167,0.206,0,0.024,0.092
2/03/2017 4:30,0.113,0.028,18.308,0.071,0.605,0.223,0.148,0.203,0,0.023,0.085
2/03/2017 5:00,0.12,0.047,19.32,0.072,0.591,0.24,0.164,0.208,0,0.115,0.087
2/03/2017 5:30,0.123,0.013,17.36,0.096,0.608,0.258,0.152,0.348,0.001,0.135,0.06
2/03/2017 6:00,0.375,0.034,16.252,0.078,0.603,0.56,0.155,1.038,0,0.023,0.055
2/03/2017 6:30,0.103,0.043,17.132,0.099,0.6,1.438,0.152,0.119,0,0.024,0.062
2/03/2017 7:00,1.33,0.01,15.352,0.073,0.602,1.205,0,0.17,0,0.023,0.052
2/03/2017 7:30,4.335,0.04,18.36,0.62,1.246,1.045,0.002,0.099,0,0.084,0.065
2/03/2017 8:00,4.123,0.037,21.26,1.067,2.668,1.443,0.002,0.006,0,0.024,0.082
2/03/2017 8:30,3.758,0.01,21.008,1.149,3.321,1.188,0,0,0.349,0.176,0.158
2/03/2017 9:00,7.32,0.046,24.512,3.11,3.417,1.713,0,0,1.252,0.784,0.722
2/03/2017 9:30,6.125,0.033,26.052,2.627,3.339,1.423,0,0,1.252,0.854,0.66
2/03/2017 10:00,9.502,0.063,25.36,2.46,3.657,1.175,0.017,0,1.245,0.847,0.561
2/03/2017 10:30,8.338,0.071,22.42,2.434,3.583,1.403,0.009,0.033,1.24,0.904,0.612
2/03/2017 11:00,6.963,0.047,21.948,2.099,3.478,1.485,0.056,0.017,1.241,0.853,0.596
2/03/2017 11:30,7.415,0.033,21.7,0.772,3.636,1.448,0.011,0,1.24,0.847,0.729
2/03/2017 12:00,10.363,0.127,21.02,0.27,3.438,1.298,0.113,0.045,1.266,0.894,0.737
2/03/2017 12:30,6.8,0.143,20.74,0.275,3.294,1.33,0.022,0,1.266,0.953,0.779
2/03/2017 13:00,5.34,0.114,20.62,0.722,3.196,1.76,1.004,0.009,1.262,0.947,0.751
2/03/2017 13:30,6.898,0.157,18.1,2.972,3.549,1.57,1.317,0,1.243,0.885,0.687
2/03/2017 14:00,6.933,0.148,17.632,1.486,3.699,1.46,1.463,0,1.256,0.753,0.593
2/03/2017 14:30,8.178,0.138,16.68,0.093,3.289,1.038,1.529,0,0.333,0.216,0.178
2/03/2017 15:00,7.883,0.138,16.612,0.052,3.172,1.315,1.746,0,0,0.024,0.066
2/03/2017 15:30,5.71,0.137,17.712,0.093,3.162,1.028,1.863,0.039,0.001,0.024,0.053
2/03/2017 16:00,0.145,0.136,13.86,0.066,3.297,0.813,1.941,0.084,0,0.024,0.094
2/03/2017 16:30,0.128,0.135,14.36,0.081,3.095,0.313,0.793,0.026,0,0.024,0.081
2/03/2017 17:00,0.115,0.137,14.792,0.073,2.414,0.288,0.015,0.198,0,0.024,0.1
2/03/2017 17:30,0.108,0.285,13.96,0.073,2.386,0.295,0.033,0.078,0,0.024,0.067
2/03/2017 18:00,0.123,0.17,12.772,0.08,2.382,0.273,0.183,0.383,0,0.024,0.071
2/03/2017 18:30,0.145,0.171,12.948,0.066,1.419,0.362,0.258,0.828,0,0.024,0.05
2/03/2017 19:00,0.223,0.164,11.96,0.086,0.402,0.415,0.241,1.095,0,0.024,0.068
2/03/2017 19:30,0.215,0.174,10.16,0.059,0.404,0.28,0.261,1.205,0,0.024,0.054
2/03/2017 20:00,0.215,0.288,10.56,0.09,0.407,0.225,0.243,0.786,0,0.024,0.086
2/03/2017 20:30,0.23,0.174,10.78,0.059,0.407,0.248,0.254,0.765,0.001,0.024,0.089
2/03/2017 21:00,0.485,0.229,8.84,0.088,0.401,0.223,0.252,0.887,0,0.024,0.088
2/03/2017 21:30,0.218,0.131,9.648,0.068,0.398,0.26,0.254,0.449,0,0.024,0.07
2/03/2017 22:00,0.208,0.08,9.952,0.076,0.396,0.273,0.252,0.447,0,0.024,0.056
2/03/2017 22:30,0.223,0.072,11.032,0.075,0.399,0.25,0.239,0.765,0,0.024,0.065
2/03/2017 23:00,0.223,0.071,8.9,0.068,0.408,0.292,0.252,0.452,0,0.024,0.052
2/03/2017 23:30,0.223,0.07,9.4,0.091,0.408,0.198,0.237,0.327,0,0.024,0.067
3/03/2017 0:00,0.212,0.039,7.42,0.068,0.404,0.255,0.276,0.291,0.001,0.024,0.08
3/03/2017 0:30,0.215,0.047,9.872,0.091,0.424,0.18,0.241,0.3,0,0.024,0.1
3/03/2017 1:00,0.228,0.038,8.232,0.061,0.43,0.29,0.239,0.281,0,0.166,0.073
3/03/2017 1:30,0.23,0.051,9.56,0.111,0.43,0.473,0.252,0.845,0.001,0.061,0.068
3/03/2017 2:00,0.215,0.023,8.46,0.065,0.417,0.26,0.237,0.186,0,0.024,0.049
3/03/2017 2:30,0.21,0.063,9.352,0.087,0.398,0.188,0.261,0.147,0,0.091,0.068
3/03/2017 3:00,0.225,0.019,8.572,0.063,0.526,0.27,0.255,0.183,0,0.024,0.051
3/03/2017 3:30,0.23,0.042,9.82,0.116,0.552,0.198,0.248,0.145,0,0.129,0.073
3/03/2017 4:00,0.115,0.044,11.032,0.101,0.547,0.242,0.243,0.173,0,0.232,0.086
3/03/2017 4:30,0.37,0.015,12.58,0.102,0.579,0.203,0.236,0.155,0,0.225,0.092
3/03/2017 5:00,0.113,0.054,16.212,0.059,0.56,0.228,0.255,0.159,0,0.023,0.076
3/03/2017 5:30,0.123,0.036,17.06,0.101,0.564,0.228,0.252,0.213,0,0.023,0.058
3/03/2017 6:00,0.118,0.071,14.332,0.076,0.572,0.515,0.249,0.144,1.018,0.515,0.149
3/03/2017 6:30,0.12,0.276,12.552,0.099,0.573,0.728,0.076,0.011,0.887,0.578,0.184
3/03/2017 7:00,1.385,0.117,12.808,0.087,0.572,0.945,0,0,0,0.023,0.061
3/03/2017 7:30,4.795,0.108,11.36,1.676,2.192,1.653,0,0.105,0,0.023,0.064
3/03/2017 8:00,4.848,0.067,9.24,1.923,2.229,1.488,0,0.014,0,0.024,0.095
3/03/2017 8:30,4.225,0.095,8.64,2.124,3.59,1.16,0,0,0.136,0.067,0.082
3/03/2017 9:00,4.96,0.212,8.72,2.837,3.123,1.52,0,0,1.256,0.654,0.648
3/03/2017 9:30,3.405,0.121,12.12,1.058,2.988,1.218,0.006,0.021,1.267,0.658,0.648
3/03/2017 10:00,4.013,0.078,14.34,0.566,3.18,1.15,0.021,0.072,1.264,0.733,0.624
3/03/2017 10:30,6.253,0.131,12.02,0.645,3.127,1.195,0.056,0.198,1.261,0.787,0.589
3/03/2017 11:00,8.71,0.094,13.088,0.514,3.063,1.213,0.086,0.009,1.253,0.788,0.653
3/03/2017 11:30,10.455,0.187,18.148,0.719,3.009,1.255,0.655,0,1.26,0.791,0.678
3/03/2017 12:00,9.763,0.124,18.572,0.447,3.239,1.375,1.099,0.015,1.257,0.791,0.65
3/03/2017 12:30,5.015,0.09,19.04,0.407,3.198,1.183,0.648,0,1.247,0.788,0.671
3/03/2017 13:00,6.205,0.123,18.572,0.67,3.361,1.175,0.725,0,1.268,0.79,0.776
3/03/2017 13:30,8.992,0.136,15.768,0.519,3.384,1.125,0.818,0,1.264,0.775,0.719
3/03/2017 14:00,10.605,0.085,10.52,0.071,3.483,1.388,0.901,0,0.187,0.144,0.239
3/03/2017 14:30,8.162,0.187,10.248,0.088,3.276,0.808,0.673,0,0,0.027,0.069
3/03/2017 15:00,10.365,0.14,9.44,0.061,3.2,0.81,0.84,0,0.001,0.026,0.069
3/03/2017 15:30,10.098,0.136,9.32,0.083,3.248,0.865,1.227,0.026,0,0.026,0.054
3/03/2017 16:00,2.33,0.085,10.14,0.066,3.234,0.905,1.485,0.197,0,0.026,0.063
3/03/2017 16:30,0.113,0.14,10.62,0.078,3.242,0.873,1.602,0.18,0,0.026,0.059
3/03/2017 17:00,0.113,0.138,10.28,0.075,3.132,0.283,1.713,1.098,0,0.026,0.088
3/03/2017 17:30,0.123,0.173,8.46,0.069,3.008,0.242,0.021,1.049,0,0.027,0.098
3/03/2017 18:00,0.13,0.174,8.14,0.084,1.653,0.263,0.052,0.971,0.001,0.026,0.079
3/03/2017 18:30,0.17,0.17,8.82,0.072,0.44,0.242,0.135,1.038,0,0.026,0.098
3/03/2017 19:00,0.215,0.091,8.1,0.093,0.444,0.255,0.167,1.082,0,0.027,0.052
3/03/2017 19:30,0.487,0.085,9.92,0.052,0.43,0.275,0.148,1.22,0,0.026,0.067
3/03/2017 20:00,0.235,0.11,10.04,0.117,0.429,0.268,0.141,0.802,0,0.026,0.057
3/03/2017 20:30,0.228,0.182,9.972,0.096,0.427,0.325,0.156,1.028,0,0.027,0.06
3/03/2017 21:00,0.225,0.308,8.68,0.104,0.429,0.515,0.143,1.181,0,0.026,0.072
3/03/2017 21:30,0.22,0.132,7.992,0.078,0.429,0.268,0.174,0.828,0,0.026,0.086
3/03/2017 22:00,0.218,0.175,8.48,0.081,0.432,0.225,0.131,0.792,0.001,0.027,0.097
3/03/2017 22:30,0.228,0.227,8.64,0.065,0.432,0.24,0.138,0.728,0,0.026,0.077
3/03/2017 23:00,0.23,0.06,8.12,0.088,0.446,0.255,0.144,0.777,0,0.026,0.072
3/03/2017 23:30,0.223,0.03,8,0.056,0.434,0.24,0.134,0.741,0,0.027,0.049
4/03/2017 0:00,0.218,0.034,8.072,0.09,0.432,0.215,0.173,0.752,0,0.026,0.067
4/03/2017 0:30,0.22,0.053,8.2,0.061,0.437,0.258,0.132,0.726,0,0.026,0.055
4/03/2017 1:00,0.225,0.015,7.692,0.081,0.45,0.22,0.148,0.704,0.001,0.026,0.061
4/03/2017 1:30,0.23,0.048,8.3,0.087,0.437,0.258,0.135,0.723,0,0.026,0.093
4/03/2017 2:00,0.218,0.038,8.932,0.087,0.461,0.195,0.203,0.695,0,0.027,0.086
4/03/2017 2:30,0.212,0.019,8.22,0.081,0.552,0.27,0.211,0.561,0,0.145,0.089
4/03/2017 3:00,0.223,0.053,6.452,0.08,0.602,0.19,0.183,0.476,0,0.087,0.051
4/03/2017 3:30,0.5,0.031,7.88,0.104,0.6,0.53,0.148,1.55,0,0.077,0.067
4/03/2017 4:00,0.125,0.034,7.772,0.071,0.594,0.21,0.131,0.429,0,0.027,0.048
4/03/2017 4:30,0.11,0.052,8.68,0.111,0.642,0.25,0.141,0.452,0,0.026,0.067
4/03/2017 5:00,0.108,0.019,9.012,0.069,0.609,0.195,0.144,0.369,0,0.254,0.055
4/03/2017 5:30,0.118,0.067,10.568,0.104,0.6,0.235,0.158,0.285,0.001,0.027,0.099
4/03/2017 6:00,0.123,0.075,9.72,0.063,0.593,0.208,0.141,1.169,0,0.026,0.08
4/03/2017 6:30,0.123,0.06,8.82,0.096,0.588,0.238,0.02,0.681,0,0.026,0.088
4/03/2017 7:00,0.108,0.225,7.74,0.086,0.603,0.333,0.005,0,0,0.026,0.054
4/03/2017 7:30,0.193,0.164,7.492,0.088,0.594,0.89,0.007,0,0,0.026,0.061
4/03/2017 8:00,0.143,0.082,8.84,0.095,0.462,1.46,0,0,0,0.027,0.057
4/03/2017 8:30,0.153,0.127,9.4,0.08,0.462,1.298,0,0,0,0.026,0.058
4/03/2017 9:00,0.11,0.084,8.752,0.105,0.473,1.158,0,0.014,0.001,0.026,0.064
4/03/2017 9:30,0.123,0.221,8.552,0.071,0.461,1.89,0.015,0.189,0,0.026,0.089
4/03/2017 10:00,0.123,0.118,9.38,0.09,0.585,1.145,0.024,0,0,0.027,0.092
4/03/2017 10:30,0.125,0.097,8.952,0.08,0.522,0.935,0,0,0.001,0.026,0.082
4/03/2017 11:00,0.115,0.117,6.732,0.099,0.455,1.117,0,0,0,0.026,0.067
4/03/2017 11:30,0.375,0.141,8.48,0.065,0.452,0.993,0,0,0.001,0.027,0.054
4/03/2017 12:00,0.113,0.245,9.4,0.08,0.438,0.912,0.206,0,0,0.026,0.071
4/03/2017 12:30,0.125,0.129,9.252,0.072,0.429,1.085,0.784,0,0.001,0.027,0.049
4/03/2017 13:00,0.128,0.126,9.432,0.116,0.429,0.628,1.295,0,0,0.026,0.071
4/03/2017 13:30,0.125,0.097,9.72,0.101,0.43,0.54,1.518,0.036,0,0.027,0.082
4/03/2017 14:00,0.113,0.161,9.8,0.102,0.438,0.45,1.361,0.263,0,0.026,0.101
4/03/2017 14:30,0.118,0.159,8.632,0.066,0.465,0.297,0.597,0,0.001,0.027,0.077
4/03/2017 15:00,0.12,0.193,9.08,0.11,0.464,0.238,1.265,0,0,0.026,0.084
4/03/2017 15:30,0.128,0.205,10.32,0.061,0.455,0.318,1.224,0,0,0.027,0.049
4/03/2017 16:00,0.128,0.18,10.24,0.086,0.45,0.22,1.388,0.108,0.001,0.026,0.07
4/03/2017 16:30,0.125,0.154,9.852,0.071,0.471,0.27,1.014,0,0,0.026,0.049
4/03/2017 17:00,0.115,0.175,8.7,0.075,0.462,0.26,0,0.029,0,0.027,0.071
4/03/2017 17:30,0.115,0.208,8.552,0.08,0.441,0.26,0.051,0.183,0,0.026,0.074
4/03/2017 18:00,0.123,0.204,8.62,0.066,0.432,0.235,0.102,0.248,0,0.027,0.103
4/03/2017 18:30,0.183,0.343,8.52,0.084,0.43,0.6,0.15,0.402,0.001,0.026,0.077
4/03/2017 19:00,0.235,0.446,6.12,0.06,0.43,0.285,0.153,0.458,0,0.026,0.087
4/03/2017 19:30,0.223,0.233,7.912,0.091,0.43,0.278,0.143,0.87,0,0.027,0.049
4/03/2017 20:00,0.478,0.442,8.38,0.078,0.453,0.29,0.143,0.371,0,0.026,0.071
4/03/2017 20:30,0.238,0.087,9.18,0.099,0.437,0.24,0.159,0.348,0,0.026,0.049
4/03/2017 21:00,0.233,0.057,7.792,0.084,0.43,0.285,0.162,0.506,0,0.027,0.07
4/03/2017 21:30,0.238,0.051,7.98,0.076,0.429,0.21,0.155,0.323,0,0.026,0.073
4/03/2017 22:00,0.23,0.051,9.16,0.076,0.429,0.297,0.138,0.26,0.001,0.027,0.101
4/03/2017 22:30,0.223,0.054,9.14,0.068,0.43,0.242,0.145,0.276,0,0.026,0.079
4/03/2017 23:00,0.218,0.034,8.252,0.086,0.438,0.302,0.143,0.246,0,0.026,0.089
4/03/2017 23:30,0.218,0.061,8.08,0.054,0.449,0.255,0.153,0.237,0,0.027,0.049
5/03/2017 0:00,0.233,0.019,7.952,0.093,0.437,0.32,0.162,0.249,0,0.026,0.069
5/03/2017 0:30,0.23,0.043,7.792,0.059,0.429,0.248,0.134,0.233,0,0.026,0.05
5/03/2017 1:00,0.228,0.044,7.4,0.086,0.452,0.26,0.155,0.254,0.001,0.027,0.069
5/03/2017 1:30,0.22,0.016,7.58,0.083,0.438,0.552,0.138,0.236,0,0.026,0.067
5/03/2017 2:00,0.218,0.057,6.38,0.075,0.444,0.28,0.147,0.828,0,0.027,0.102
5/03/2017 2:30,0.223,0.029,5.572,0.093,0.45,0.24,0.164,0.222,0,0.026,0.078
5/03/2017 3:00,0.225,0.029,4.64,0.063,0.437,0.242,0.132,0.258,0,0.089,0.09
5/03/2017 3:30,0.225,0.063,6.64,0.087,0.44,0.245,0.152,0.218,0,0.161,0.048
5/03/2017 4:00,0.118,0.066,6.832,0.056,0.57,0.27,0.129,0.263,0,0.026,0.069
5/03/2017 4:30,0.378,0.073,7.108,0.09,0.624,0.223,0.143,0.224,0,0.063,0.048
5/03/2017 5:00,0.108,0.041,7.32,0.057,0.576,0.26,0.152,0.263,0.001,0.073,0.068
5/03/2017 5:30,0.123,0.045,6.44,0.107,0.594,0.23,0.135,0.774,0,0.027,0.058
5/03/2017 6:00,0.128,0.025,7.068,0.105,0.588,0.268,0.153,0.279,0,0.026,0.101
5/03/2017 6:30,0.123,0.061,6.912,0.114,0.6,0.228,0.078,0.083,0,0.027,0.077
5/03/2017 7:00,0.11,0.227,6.22,0.083,0.6,0.27,0.026,0,0,0.026,0.081
5/03/2017 7:30,0.11,0.117,5.848,0.108,0.602,0.305,0,0,0,0.027,0.048
5/03/2017 8:00,0.118,0.059,6.52,0.075,0.602,0.265,0,0.044,0,0.027,0.069
5/03/2017 8:30,0.123,0.08,7.2,0.102,0.599,0.522,0,0.022,0,0.026,0.048
5/03/2017 9:00,0.12,0.053,6.332,0.08,0.486,0.242,0,0,0.001,0.027,0.069
5/03/2017 9:30,0.12,0.059,6.32,0.096,0.461,0.27,0,0,0,0.027,0.069
5/03/2017 10:00,0.108,0.074,7.912,0.09,0.461,0.242,0,0,0,0.027,0.102
5/03/2017 10:30,0.113,0.039,8.072,0.087,0.47,0.24,0,0,0.001,0.026,0.077
5/03/2017 11:00,0.177,0.085,7.292,0.098,0.45,0.253,0,0,0,0.027,0.077
5/03/2017 11:30,0.153,0.065,7.36,0.059,0.427,0.263,0,0.002,0,0.027,0.05
5/03/2017 12:00,0.158,0.264,7.14,0.095,0.429,0.268,0,0,0.001,0.027,0.07
5/03/2017 12:30,0.35,0.203,7.412,0.059,0.429,0.283,0,0,0,0.027,0.055
5/03/2017 13:00,0.165,0.12,7.452,0.105,0.453,0.258,0,0,0.001,0.027,0.067
5/03/2017 13:30,0.13,0.172,7.412,0.068,0.446,0.305,0,0,0.001,0.027,0.083
5/03/2017 14:00,0.128,0.171,6.64,0.091,0.461,0.265,0,0,0,0.027,0.095
5/03/2017 14:30,0.118,0.173,6.64,0.093,0.459,0.27,0,0,0.001,0.026,0.086
5/03/2017 15:00,0.118,0.231,6.92,0.066,0.452,0.258,0,0,0,0.027,0.069
5/03/2017 15:30,0.115,0.148,7.552,0.087,0.426,0.297,0,0,0,0.027,0.061
5/03/2017 16:00,0.125,0.179,7.06,0.059,0.434,0.54,0,0.012,0,0.027,0.058
5/03/2017 16:30,0.13,0.212,6.34,0.091,0.47,0.258,0,0.011,0.001,0.027,0.063
5/03/2017 17:00,0.128,0.229,7.02,0.078,0.458,0.235,0.003,0.535,0,0.027,0.055
5/03/2017 17:30,0.115,0.174,7.9,0.099,0.461,0.258,0.122,0.561,0,0.026,0.1
5/03/2017 18:00,0.115,0.317,9.64,0.081,0.446,0.28,0.158,0.556,0,0.027,0.081
5/03/2017 18:30,0.145,0.221,9.52,0.078,0.423,0.27,0.113,0.71,0,0.027,0.1
5/03/2017 19:00,0.228,0.145,5.34,0.076,0.421,0.278,0.164,1.433,0,0.027,0.059
5/03/2017 19:30,0.233,0.073,7.168,0.068,0.43,0.285,0.141,1.02,0,0.027,0.073
5/03/2017 20:00,0.23,0.145,6.56,0.104,0.455,0.255,0.158,1.179,0,0.027,0.048
5/03/2017 20:30,0.218,0.123,6.14,0.073,0.453,0.255,0.161,0.633,0.001,0.026,0.072
5/03/2017 21:00,0.373,0.144,5.92,0.126,0.453,0.24,0.152,0.569,0,0.027,0.049
5/03/2017 21:30,0.345,0.141,6.38,0.117,0.455,0.245,0.143,0.809,0,0.027,0.095
5/03/2017 22:00,0.228,0.07,7.26,0.117,0.452,0.258,0.137,0.248,0,0.027,0.082
5/03/2017 22:30,0.228,0.06,5.8,0.108,0.455,0.273,0.153,0.255,0,0.026,0.094
5/03/2017 23:00,0.223,0.024,5.94,0.084,0.461,0.508,0.153,0.201,0,0.027,0.062
5/03/2017 23:30,0.215,0.034,6.372,0.095,0.453,0.295,0.15,0.194,0,0.027,0.062
6/03/2017 0:00,0.215,0.051,6.672,0.091,0.441,0.235,0.131,0.206,0.001,0.026,0.057
6/03/2017 0:30,0.223,0.015,7.492,0.066,0.42,0.268,0.145,0.178,0,0.027,0.059
6/03/2017 1:00,0.228,0.043,6.86,0.102,0.418,0.238,0.141,0.174,0.001,0.027,0.06
6/03/2017 1:30,0.23,0.043,6.532,0.056,0.423,0.255,0.14,0.168,0,0.154,0.082
6/03/2017 2:00,0.223,0.014,6.032,0.11,0.579,0.258,0.168,0.164,0,0.09,0.094
6/03/2017 2:30,0.212,0.048,5.808,0.057,0.569,0.248,0.131,0.164,0,0.109,0.081
6/03/2017 3:00,0.22,0.037,5.052,0.084,0.572,0.228,0.15,0.726,0,0.026,0.07
6/03/2017 3:30,0.223,0.016,6.1,0.068,0.566,0.263,0.131,0.168,0,0.026,0.049
6/03/2017 4:00,0.123,0.072,5.68,0.087,0.566,0.23,0.129,0.171,0,0.155,0.068
6/03/2017 4:30,0.12,0.066,6.36,0.075,0.599,0.268,0.158,0.17,0.001,0.04,0.049
6/03/2017 5:00,0.375,0.072,7.012,0.061,0.582,0.265,0.131,0.167,0,0.107,0.066
6/03/2017 5:30,0.103,0.016,7.088,0.087,0.567,0.56,0.153,0.155,0,0.026,0.07
6/03/2017 6:00,0.115,0.185,8.5,0.054,0.579,0.662,0.129,0.113,0,0.026,0.098
6/03/2017 6:30,0.123,0.094,11.752,0.107,0.587,0.89,0.026,0,0,0.027,0.072
6/03/2017 7:00,1.62,0.079,13.732,0.071,1.535,0.94,0,0.17,0,0.026,0.062
6/03/2017 7:30,8.613,0.075,14.492,0.284,3.513,0.95,0,0,0,0.026,0.053
6/03/2017 8:00,6.13,0.016,11.18,1.082,3.486,1.22,0,0.036,0,0.026,0.056
6/03/2017 8:30,8.912,0.19,13.288,2.688,3.188,1.115,0,0,0.407,0.232,0.108
6/03/2017 9:00,7.893,0.075,11.832,2.575,3.676,1.17,0,0,1.256,0.793,0.605
6/03/2017 9:30,7.33,0.095,10.348,2.301,3.53,1.222,0.003,0.002,1.256,0.819,0.683
6/03/2017 10:00,9.46,0.082,9.668,1.637,3.213,1.135,0.075,0.037,1.258,0.847,0.572
6/03/2017 10:30,10.003,0.101,12.792,3.215,3.33,0.945,0.037,0.002,1.251,0.923,0.733
6/03/2017 11:00,6.765,0.187,13.852,2.456,3.21,1.38,1.644,0.132,1.249,0.849,0.663
6/03/2017 11:30,5.758,0.211,13.9,2.265,3.361,1.117,1.716,0.09,1.255,0.851,0.658
6/03/2017 12:00,7.598,0.046,14.152,2.252,3.191,1.18,1.371,0.009,1.244,0.847,0.665
6/03/2017 12:30,2.538,0.028,14.172,2.31,3.282,1.155,0.884,0.021,1.248,0.853,0.75
6/03/2017 13:00,9.857,0.058,12.292,2.245,3.418,0.925,0.011,0,1.228,0.846,0.761
6/03/2017 13:30,10.195,0.016,12.72,2.37,3.408,0.953,0,0,1.24,0.823,0.759
6/03/2017 14:00,7.2,0.056,15.132,2.353,3.459,1.088,0,0,1.266,0.661,0.701
6/03/2017 14:30,7.032,0.065,14.52,2.316,3.53,1.093,0,0,1.269,0.66,0.62
6/03/2017 15:00,8.308,0.074,12.192,2.188,3.516,1.048,0.658,0,0.027,0.065,0.128
6/03/2017 15:30,7.973,0.068,12.28,0.649,3.495,1.363,1.814,0,0.001,0.026,0.069
6/03/2017 16:00,0.138,0.06,12.04,0.413,3.615,1.048,2.055,0,0,0.026,0.048
6/03/2017 16:30,0.408,0.094,11.732,0.083,3.563,1.228,1.467,0,0,0.027,0.068
6/03/2017 17:00,0.14,0.1,12.808,0.072,0.891,0.573,0.126,0.011,0,0.026,0.048
6/03/2017 17:30,0.128,0.109,12.732,0.073,0.416,0.295,0.091,0.015,0,0.026,0.08
6/03/2017 18:00,0.11,0.138,12.052,0.083,0.386,0.24,0.076,0.45,0,0.027,0.086
6/03/2017 18:30,0.218,0.173,10.4,0.06,0.386,0.268,0.132,0.837,0.001,0.026,0.093
6/03/2017 19:00,0.263,0.088,9.5,0.09,0.383,0.212,0.145,0.731,0,0.026,0.073
6/03/2017 19:30,0.26,0.096,8.792,0.052,0.383,0.29,0.161,1.76,0,0.026,0.064
6/03/2017 20:00,0.225,0.125,8.388,0.088,0.384,0.203,0.159,0.62,0,0.027,0.052
6/03/2017 20:30,0.238,0.255,9.072,0.065,0.383,0.248,0.137,0.617,0,0.026,0.062
6/03/2017 21:00,0.233,0.291,8.232,0.08,0.383,0.233,0.156,0.563,0,0.026,0.054
6/03/2017 21:30,0.22,0.025,7.972,0.075,0.384,0.248,0.135,0.528,0,0.027,0.074
6/03/2017 22:00,0.22,0.065,7.912,0.083,0.383,0.2,0.159,0.304,0,0.026,0.089
6/03/2017 22:30,0.235,0.03,7.64,0.083,0.384,0.255,0.152,0.3,0,0.026,0.087
6/03/2017 23:00,0.228,0.047,9.392,0.059,0.393,0.52,0.134,0.282,0,0.026,0.072
6/03/2017 23:30,0.212,0.057,11.552,0.087,0.383,0.212,0.147,0.304,0,0.027,0.055
7/03/2017 0:00,0.49,0.024,11.412,0.059,0.384,0.24,0.126,0.278,0.001,0.026,0.06
7/03/2017 0:30,0.233,0.061,8.56,0.087,0.383,0.215,0.143,0.298,0,0.027,0.049
7/03/2017 1:00,0.23,0.043,8.48,0.066,0.384,0.248,0.162,0.285,0,0.026,0.067
7/03/2017 1:30,0.212,0.03,8.04,0.073,0.383,0.19,0.131,0.287,0.001,0.026,0.067
7/03/2017 2:00,0.212,0.061,7.66,0.075,0.383,0.265,0.152,0.278,0,0.027,0.1
7/03/2017 2:30,0.23,0.026,7.74,0.065,0.383,0.188,0.131,0.276,0,0.177,0.077
7/03/2017 3:00,0.23,0.028,7.372,0.086,0.383,0.23,0.153,0.237,0,0.092,0.079
7/03/2017 3:30,0.21,0.049,8.64,0.069,0.522,0.225,0.148,0.218,0,0.043,0.048
7/03/2017 4:00,0.115,0.02,9.76,0.09,0.535,0.28,0.144,0.211,0,0.033,0.066
7/03/2017 4:30,0.13,0.03,11.432,0.052,0.563,0.225,0.141,0.206,0,0.089,0.049
7/03/2017 5:00,0.123,0.046,11.76,0.091,0.534,0.26,0.129,0.216,0,0.091,0.053
7/03/2017 5:30,0.108,0.019,14.732,0.056,0.528,0.512,0.148,0.767,0,0.026,0.079
7/03/2017 6:00,0.108,0.037,18.88,0.122,0.526,0.603,0.117,0.735,0,0.026,0.08
7/03/2017 6:30,0.128,0.101,18.34,0.108,0.55,1.07,0.03,0,0,0.026,0.095
7/03/2017 7:00,2.805,0.077,19.56,0.117,0.553,1.12,0,0,0.001,0.026,0.054
7/03/2017 7:30,6.94,0.234,19.5,0.075,1.617,1.3,0,0,0,0.026,0.067
7/03/2017 8:00,9.498,0.099,19.652,0.116,2.582,1.208,0.006,0,0,0.082,0.048
7/03/2017 8:30,10.215,0.177,21.312,0.251,2.525,1.178,0.048,0,0.296,0.149,0.077
7/03/2017 9:00,8.148,0.093,21.8,0.772,2.777,1.263,0,0,1.493,0.922,0.836
7/03/2017 9:30,6.503,0.078,22.052,0.819,2.967,1.185,0,0,1.763,1.308,1.352
7/03/2017 10:00,7.758,0.069,21.312,0.836,3.095,1.198,0,0,1.746,1.358,1.244
7/03/2017 10:30,8.32,0.017,21.692,0.861,3.243,1.495,0,0,1.591,1.165,1.142
7/03/2017 11:00,9.467,0.049,23.9,0.879,3.449,1.668,0,0,1.257,0.821,0.596
7/03/2017 11:30,9.723,0.037,21.788,0.935,3.521,1.293,0.002,0,1.255,0.818,0.641
7/03/2017 12:00,7.73,0.024,20.7,1.116,3.498,1.333,0,0,1.247,0.817,0.681
7/03/2017 12:30,3.623,0.057,20.952,1.107,3.502,1.318,0.056,0,1.254,0.819,0.684
7/03/2017 13:00,8.092,0.02,20.84,1.097,2.876,1.335,1.026,0,1.25,0.816,0.736
7/03/2017 13:30,10.158,0.038,20.968,0.6,3.48,1.593,1.035,0,1.248,0.79,0.703
7/03/2017 14:00,9.995,0.048,19.9,0.389,3.263,1.815,1.212,0.005,1.255,0.749,0.655
7/03/2017 14:30,9.61,0.015,18.38,0.282,3.129,1.01,0.996,0.002,1.258,0.755,0.596
7/03/2017 15:00,7.572,0.052,17.292,0.257,3.126,1.138,1.176,0,0.255,0.189,0.192
7/03/2017 15:30,8.978,0.034,17.692,0.248,3.237,1.273,1.437,0,0,0.027,0.058
7/03/2017 16:00,0.138,0.025,16.38,0.251,3.246,1.23,0.456,0,0,0.026,0.058
7/03/2017 16:30,0.13,0.155,15.332,0.2,2.672,1,0,0,0,0.026,0.061
7/03/2017 17:00,0.118,0.126,14.7,0.222,0.977,0.393,0,0.026,0.001,0.026,0.082
7/03/2017 17:30,0.108,0.095,14.24,0.155,0.9,0.292,0,0.047,0,0.026,0.099
7/03/2017 18:00,0.12,0.086,14.42,0.194,0.897,0.245,0.095,0.924,0,0.026,0.077
7/03/2017 18:30,0.163,0.086,14.772,0.158,0.897,0.265,0.122,1.565,0,0.027,0.081
7/03/2017 19:00,0.408,0.066,13.532,0.159,0.893,0.57,0.155,0.725,0,0.027,0.05
7/03/2017 19:30,0.295,0.054,14.62,0.148,0.897,0.297,0.137,0.716,0,0.026,0.071
7/03/2017 20:00,0.228,0.061,15.052,0.135,0.904,0.242,0.153,0.497,0.001,0.027,0.05
7/03/2017 20:30,0.215,0.059,13.6,0.153,0.919,0.268,0.138,0.48,0,0.027,0.062
7/03/2017 21:00,0.297,0.041,11.9,0.148,0.916,0.273,0.153,0.609,0,0.026,0.087
7/03/2017 21:30,0.258,0.076,10.848,0.143,0.896,0.25,0.145,0.476,0,0.027,0.087
7/03/2017 22:00,0.25,0.162,10.648,0.114,0.903,0.258,0.129,1.025,0,0.027,0.092
7/03/2017 22:30,0.23,0.237,10.888,0.141,0.903,0.278,0.153,0.352,0,0.027,0.059
7/03/2017 23:00,0.21,0.075,10.6,0.102,0.903,0.273,0.135,0.332,0.001,0.027,0.07
7/03/2017 23:30,0.21,0.016,11.94,0.147,0.89,0.248,0.164,0.338,0,0.026,0.048
8/03/2017 0:00,0.225,0.057,11.372,0.135,0.894,0.275,0.144,0.314,0,0.027,0.069
8/03/2017 0:30,0.228,0.028,11.28,0.135,0.897,0.27,0.135,0.304,0,0.027,0.049
8/03/2017 1:00,0.212,0.03,8.992,0.084,0.896,0.275,0.152,0.311,0.001,0.027,0.081
8/03/2017 1:30,0.205,0.051,9.9,0.125,0.893,0.47,0.125,0.315,0,0.026,0.088
8/03/2017 2:00,0.22,0.015,9.72,0.093,0.9,0.32,0.131,0.308,0,0.027,0.081
8/03/2017 2:30,0.328,0.036,11.392,0.114,0.887,0.205,0.155,0.315,0,0.105,0.072
8/03/2017 3:00,0.367,0.045,11.08,0.091,0.885,0.302,0.128,0.314,0,0.174,0.048
8/03/2017 3:30,0.203,0.013,15.152,0.107,0.887,0.245,0.141,0.358,0,0.053,0.068
8/03/2017 4:00,0.125,0.034,12.86,0.104,0.9,0.29,0.126,0.89,0,0.026,0.048
8/03/2017 4:30,0.118,0.042,13.4,0.066,0.959,0.233,0.145,0.221,0,0.091,0.062
8/03/2017 5:00,0.105,0.016,15.388,0.096,0.921,0.223,0.131,0.237,0,0.026,0.071
8/03/2017 5:30,0.105,0.029,13.792,0.056,0.903,0.24,0.147,0.352,0,0.026,0.081
8/03/2017 6:00,0.123,0.041,15.46,0.088,0.925,0.733,0.131,0.965,0,0.026,0.094
8/03/2017 6:30,0.113,0.315,19.14,0.069,0.924,1.198,0.024,0.02,0,0.026,0.051
8/03/2017 7:00,1.455,0.054,16.5,0.102,0.918,0.948,0,0.17,0,0.026,0.067
8/03/2017 7:30,7.857,0.059,21.292,0.717,2.052,1.498,0,0,0,0.027,0.048
8/03/2017 8:00,8.195,0.121,21.252,0.906,2.369,1.615,0,0.005,0,0.026,0.056
8/03/2017 8:30,8.168,0.249,19.552,0.161,2.462,1.363,0,0.003,0.607,0.343,0.184
8/03/2017 9:00,9.853,0.223,23.42,0.246,2.57,1.252,0,0,1.278,0.728,0.577
8/03/2017 9:30,7.72,0.089,20.792,0.246,2.511,1.383,0,0.002,1.27,0.705,0.64
8/03/2017 10:00,4.63,0.062,19.812,0.255,2.792,1.263,0.002,0,1.272,0.706,0.628
8/03/2017 10:30,5.46,0.068,20.448,0.282,2.894,1.265,0,0,1.274,0.703,0.652
8/03/2017 11:00,8.71,0.035,21.78,0.258,3.048,1.258,0,0,1.269,0.793,0.668
8/03/2017 11:30,9.945,0.061,19.42,0.288,3.23,1.365,0,0,1.299,0.789,0.69
8/03/2017 12:00,9.143,0.079,20.048,0.335,2.974,1.61,0,0,1.711,1.21,1.182
8/03/2017 12:30,6.19,0.187,18.952,0.458,2.979,1.298,0,0,1.695,1.248,1.234
8/03/2017 13:00,5.833,0.058,20.48,0.449,3.129,1.42,0.003,0.005,1.676,1.217,1.263
8/03/2017 13:30,5.678,0.049,18.2,0.953,3.218,1.413,0.014,0.514,1.7,1.142,1.194
8/03/2017 14:00,4.465,0.05,17.252,0.954,3.017,1.338,0.003,0.009,1.706,1.092,1.141
8/03/2017 14:30,5.133,0.066,17.612,0.956,3.074,1.25,0.026,0.18,1.702,1.086,1.027
8/03/2017 15:00,5.67,0.073,17.652,0.96,2.978,1.002,0.003,0,0.278,0.235,0.32
8/03/2017 15:30,4.907,0.038,16.632,0.968,2.909,1.25,0.011,0.056,0,0.027,0.054
8/03/2017 16:00,0.468,0.049,16.672,0.971,2.775,0.988,0.012,0.075,0,0.026,0.054
8/03/2017 16:30,0.128,0.017,15.032,0.437,2.844,0.917,0.003,0.107,0,0.026,0.065
8/03/2017 17:00,0.11,0.057,14.78,0.086,1.821,0.487,0.225,0.246,0.001,0.026,0.076
8/03/2017 17:30,0.105,0.027,14.692,0.091,1.659,0.5,0.007,0.581,0,0.026,0.103
8/03/2017 18:00,0.123,0.03,13.38,0.09,1.659,0.435,0.087,0.344,0,0.026,0.076
8/03/2017 18:30,0.198,0.088,13.772,0.075,1.661,0.485,0.128,0.266,0,0.027,0.078
8/03/2017 19:00,0.215,0.093,14.84,0.06,0.506,0.417,0.155,0.257,0,0.026,0.054
8/03/2017 19:30,0.212,0.124,14.56,0.061,0.413,0.505,0.153,0.747,0,0.026,0.055
8/03/2017 20:00,0.228,0.119,13.08,0.068,0.41,0.413,0.129,0.257,0,0.027,0.065
8/03/2017 20:30,0.228,0.191,13.088,0.05,0.424,0.438,0.144,0.241,0.001,0.026,0.048
8/03/2017 21:00,0.215,0.323,11.632,0.076,0.424,0.383,0.134,0.284,0,0.026,0.088
8/03/2017 21:30,0.205,0.028,10.408,0.041,0.421,0.438,0.162,0.174,0,0.026,0.08
8/03/2017 22:00,0.228,0.053,10.42,0.076,0.413,0.49,0.15,0.17,0,0.026,0.09
8/03/2017 22:30,0.228,0.024,11.572,0.052,0.414,0.603,0.135,0.132,0,0.027,0.063
8/03/2017 23:00,0.48,0.03,11.032,0.068,0.427,0.413,0.153,0.74,0,0.026,0.049
8/03/2017 23:30,0.205,0.05,11.16,0.057,0.396,0.348,0.135,0.177,0,0.026,0.07
9/03/2017 0:00,0.263,0.017,11.4,0.063,0.398,0.362,0.14,0.152,0,0.026,0.048
9/03/2017 0:30,0.273,0.035,11.032,0.065,0.405,0.34,0.158,0.152,0,0.027,0.067
9/03/2017 1:00,0.26,0.047,9.372,0.054,0.393,0.3,0.129,0.15,0.001,0.026,0.074
9/03/2017 1:30,0.22,0.015,10.568,0.075,0.392,0.24,0.147,0.161,0,0.026,0.087
9/03/2017 2:00,0.228,0.034,9.44,0.045,0.396,0.305,0.129,0.141,0,0.026,0.089
9/03/2017 2:30,0.223,0.045,11.008,0.075,0.417,0.235,0.138,0.152,0,0.104,0.048
9/03/2017 3:00,0.205,0.015,12.848,0.048,0.395,0.313,0.137,0.131,0,0.155,0.069
9/03/2017 3:30,0.21,0.032,11.572,0.071,0.395,0.258,0.152,0.165,0,0.062,0.048
9/03/2017 4:00,0.125,0.043,12.948,0.057,0.553,0.313,0.138,0.138,0,0.053,0.051
9/03/2017 4:30,0.215,0.019,14.52,0.063,0.605,0.54,0.131,0.153,0,0.081,0.066
9/03/2017 5:00,0.103,0.027,14.092,0.063,0.57,0.248,0.143,0.132,0,0.026,0.073
9/03/2017 5:30,0.108,0.043,16.44,0.057,0.569,0.242,0.144,0.245,0,0.026,0.086
9/03/2017 6:00,0.395,0.066,15.488,0.069,0.549,0.505,0.128,0.411,0.001,0.027,0.085
9/03/2017 6:30,0.12,0.26,18.248,0.639,0.546,0.935,0.098,0.813,0,0.049,0.048
9/03/2017 7:00,1.87,0.121,17.928,1.313,0.563,0.925,0,0.066,0,0.027,0.048
9/03/2017 7:30,4.798,0.154,19.892,0.361,1.524,1.31,0,0.236,0,0.027,0.071
9/03/2017 8:00,5.992,0.2,20.08,0.355,2.36,1.333,0,1.329,0,0.026,0.048
9/03/2017 8:30,8.763,0.03,21.38,0.291,2.474,1.153,0,0.056,0.272,0.138,0.067
9/03/2017 9:00,9.627,0.052,18.58,0.467,2.61,1.27,0,0.024,1.28,0.669,0.668
9/03/2017 9:30,5.28,0.018,17.712,0.459,2.599,1.19,0,0,1.29,0.675,0.659
9/03/2017 10:00,9.93,0.035,18.188,0.484,2.622,1.482,0,0.005,1.277,0.734,0.631
9/03/2017 10:30,10.845,0.048,20.34,0.49,2.852,1.71,0.002,0,1.278,0.745,0.586
9/03/2017 11:00,9.72,0.014,19.32,0.546,3.402,1.193,0,0,1.275,0.759,0.617
9/03/2017 11:30,9.31,0.038,18.812,0.55,3.102,1.16,0,0,1.269,0.741,0.609
9/03/2017 12:00,5.843,0.179,20.072,0.54,3.429,1.26,0,0,1.276,0.73,0.627
9/03/2017 12:30,4.135,0.079,18.732,0.646,3.222,1.465,0,0,1.259,0.731,0.729
9/03/2017 13:00,8.375,0.092,20.512,0.547,3.213,1.627,0,0,1.267,0.733,0.763
9/03/2017 13:30,8.25,0.101,17.54,0.6,2.727,1.613,0,0,1.277,0.708,0.643
9/03/2017 14:00,6.758,0.033,18.328,0.96,3.057,1.625,0,0,1.268,0.665,0.576
9/03/2017 14:30,7.023,0.053,17.632,1.252,2.876,2.34,0,0,0.722,0.415,0.279
9/03/2017 15:00,4.64,0.017,18.268,0.364,3.077,1.988,0.626,0.003,0,0.024,0.047
9/03/2017 15:30,3.357,0.04,16.9,0.329,3.084,1.752,1.077,0,0,0.024,0.07
9/03/2017 16:00,0.24,0.046,16.16,0.591,2.778,1.127,1.56,0,0,0.024,0.048
9/03/2017 16:30,0.133,0.015,14.892,1.377,2.486,1.01,1.908,0.759,0,0.024,0.059
9/03/2017 17:00,0.125,0.044,14.18,0.367,1.988,0.738,2.066,0.605,0,0.024,0.083
9/03/2017 17:30,0.118,0.041,14.092,0.295,1.703,0.815,1.089,0.152,0,0.024,0.078
9/03/2017 18:00,0.12,0.132,15.488,0.295,1.674,0.422,0.207,0.395,0,0.024,0.099
9/03/2017 18:30,0.175,0.132,16.1,0.288,1.667,0.415,0.272,0.651,0,0.024,0.052
9/03/2017 19:00,0.24,0.111,14.192,0.304,1.689,0.33,0.159,0.67,0,0.024,0.059
9/03/2017 19:30,0.225,0.116,11.712,0.284,1.679,0.343,0.168,0.738,0,0.024,0.059
9/03/2017 20:00,0.308,0.318,12.38,0.308,1.664,0.338,0.145,0.723,0,0.025,0.048
9/03/2017 20:30,0.263,0.134,11.56,0.285,1.682,0.333,0.148,0.642,0,0.024,0.069
9/03/2017 21:00,0.537,0.151,11.72,0.32,1.673,0.308,0.132,0.689,0,0.024,0.075
9/03/2017 21:30,0.23,0.307,10.42,0.297,1.664,0.328,0.148,0.468,0,0.024,0.081
9/03/2017 22:00,0.23,0.088,9.42,0.321,1.689,0.242,0.141,0.324,0,0.025,0.096
9/03/2017 22:30,0.238,0.072,9.78,0.309,1.694,0.255,0.152,0.777,0,0.024,0.051
9/03/2017 23:00,0.235,0.067,9.832,0.311,1.695,0.492,0.143,0.278,0,0.024,0.059
9/03/2017 23:30,0.233,0.027,10.66,0.309,1.668,0.273,0.135,0.264,0,0.024,0.06
10/03/2017 0:00,0.225,0.056,10.9,0.289,1.662,0.215,0.145,0.276,0,0.024,0.048
10/03/2017 0:30,0.228,0.038,10.788,0.308,1.661,0.223,0.134,0.261,0,0.024,0.067
10/03/2017 1:00,0.228,0.033,10.86,0.275,1.626,0.233,0.162,0.269,0.459,0.353,0.102
10/03/2017 1:30,0.238,0.058,9.272,0.308,1.613,0.233,0.144,0.263,1.188,0.688,0.225
10/03/2017 2:00,0.235,0.019,10.568,0.275,1.614,0.215,0.134,0.802,0,0.059,0.239
10/03/2017 2:30,0.215,0.04,9.952,0.304,1.58,0.21,0.15,0.261,0,0.076,0.193
10/03/2017 3:00,0.212,0.046,11.58,0.27,1.577,0.233,0.131,0.267,0,0.024,0.202
10/03/2017 3:30,0.225,0.013,10.868,0.3,1.577,0.19,0.126,0.258,0,0.024,0.205
10/03/2017 4:00,0.13,0.039,13.108,0.276,1.578,0.265,0.145,0.269,0,0.2,0.193
10/03/2017 4:30,0.398,0.044,14.892,0.329,1.599,0.21,0.14,0.254,0,0.054,0.211
10/03/2017 5:00,0.108,0.012,13.972,0.324,1.596,0.278,0.147,0.3,0,0.029,0.223
10/03/2017 5:30,0.113,0.034,16.692,0.315,1.59,0.52,0.128,0.579,0.561,0.282,0.224
10/03/2017 6:00,0.123,0.138,16.008,0.278,1.595,0.64,0.126,0.49,0.456,0.337,0.17
10/03/2017 6:30,0.128,0.113,15.7,0.308,1.619,0.965,0.039,0.254,0,0.024,0.048
10/03/2017 7:00,1.34,0.1,18.732,0.696,1.614,1.07,0,0.438,0,0.024,0.055
10/03/2017 7:30,5.595,0.331,18.488,1.254,1.922,1.315,0,0.243,0,0.024,0.059
10/03/2017 8:00,7.338,0.169,16.22,0.413,2.081,1.08,0.017,0.002,0,0.024,0.184
10/03/2017 8:30,8.508,0.073,16.912,0.352,2.339,1.135,0.012,0.047,0.043,0.024,0.217
10/03/2017 9:00,9.94,0.031,22.548,0.514,2.448,1.068,0,0,1.272,0.662,0.581
10/03/2017 9:30,7.88,0.026,19.892,0.507,2.531,1.13,0,0,1.284,0.671,0.691
10/03/2017 10:00,8.418,0.051,18.96,0.606,2.631,1.435,0,0,1.279,0.666,0.641
10/03/2017 10:30,6.085,0.021,20.192,0.678,2.603,1.105,0.003,0,1.283,0.668,0.609
10/03/2017 11:00,8.49,0.033,20.24,0.99,2.628,1.053,0,0,1.279,0.664,0.717
10/03/2017 11:30,8.58,0.051,20.008,0.99,2.833,1.15,0,0,1.28,0.664,0.668
10/03/2017 12:00,8.755,0.015,18.852,0.642,3.014,1.303,0,0,1.275,0.661,0.782
10/03/2017 12:30,9.168,0.078,18.84,0.824,2.96,1.49,0.098,0,1.271,0.738,0.732
10/03/2017 13:00,9.66,0.065,17.892,0.91,3.002,1.145,0.743,0,1.27,0.756,0.715
10/03/2017 13:30,7.192,0.072,10.848,0.91,3.006,1.38,0.506,0,1.284,0.721,0.713
10/03/2017 14:00,6.98,0.02,12.08,0.901,3.015,1.463,0.432,0,0.26,0.178,0.182
10/03/2017 14:30,9.513,0.065,11.652,0.522,2.967,1.678,0.638,0,0,0.024,0.069
10/03/2017 15:00,8.975,0.021,10.508,0.288,2.921,0.96,0.752,0,0,0.024,0.06
10/03/2017 15:30,8.967,0.042,9.012,0.338,2.895,1.048,1.023,0,0,0.024,0.049
10/03/2017 16:00,1.328,0.046,8.112,0.051,2.883,0.775,1.268,0.041,0,0.024,0.07
10/03/2017 16:30,0.395,0.016,8.072,0.076,2.763,0.338,0.783,0.326,0.001,0.024,0.049
10/03/2017 17:00,0.108,0.058,8.32,0.045,1.944,0.255,0.002,0,0,0.024,0.09
10/03/2017 17:30,0.92,0.109,10.34,0.076,1.716,0.23,0.093,0.017,0,0.024,0.087
10/03/2017 18:00,0.155,0.152,10.28,0.054,0.699,0.263,0.261,0.375,0,0.024,0.077
10/03/2017 18:30,0.205,0.102,8.2,0.069,0.414,0.223,0.243,0.649,0,0.024,0.078
10/03/2017 19:00,0.225,0.15,7.812,0.057,0.414,0.362,0.173,0.692,0,0.024,0.05
10/03/2017 19:30,0.22,0.101,7.432,0.061,0.426,0.398,0.128,0.768,0,0.024,0.059
10/03/2017 20:00,0.228,0.22,7.84,0.065,0.446,0.275,0.125,1.406,0,0.024,0.062
10/03/2017 20:30,0.965,0.237,8.26,0.056,0.443,0.205,0.141,1.142,0.001,0.024,0.049
10/03/2017 21:00,0.228,0.183,8.348,0.071,0.416,0.283,0.138,1.35,0,0.024,0.095
10/03/2017 21:30,0.22,0.25,8.368,0.048,0.413,0.258,0.158,0.624,0,0.024,0.084
10/03/2017 22:00,0.215,0.079,8.212,0.09,0.414,0.275,0.14,0.605,0,0.024,0.077
10/03/2017 22:30,0.228,0.025,7.7,0.096,0.452,0.212,0.134,0.987,0,0.024,0.079
10/03/2017 23:00,0.23,0.061,7.532,0.09,0.434,0.28,0.134,0.194,0,0.024,0.049
10/03/2017 23:30,0.963,0.035,9.312,0.073,0.417,0.22,0.119,0.159,0,0.024,0.064
11/03/2017 0:00,0.487,0.037,9.3,0.063,0.427,0.25,0.144,0.147,0,0.024,0.054
11/03/2017 0:30,0.215,0.057,7.32,0.06,0.41,0.233,0.131,0.155,0,0.024,0.051
11/03/2017 1:00,0.23,0.019,7.632,0.073,0.41,0.248,0.14,0.131,0,0.025,0.087
11/03/2017 1:30,0.228,0.068,6.772,0.05,0.408,0.28,0.144,0.78,0.001,0.023,0.079
11/03/2017 2:00,0.228,0.082,6.552,0.08,0.407,0.485,0.131,0.147,0,0.186,0.099
11/03/2017 2:30,0.948,0.057,7.812,0.048,0.405,0.25,0.14,0.17,0,0.072,0.049
11/03/2017 3:00,0.215,0.036,7.812,0.073,0.408,0.223,0.129,0.14,0,0.023,0.056
11/03/2017 3:30,0.228,0.03,7.02,0.056,0.501,0.235,0.137,0.171,0,0.024,0.061
11/03/2017 4:00,0.118,0.054,6.752,0.065,0.547,0.205,0.14,0.144,0,0.086,0.048
11/03/2017 4:30,0.118,0.021,6.172,0.06,0.546,0.295,0.125,0.164,0,0.035,0.068
11/03/2017 5:00,0.1,0.036,6.432,0.059,0.547,0.238,0.138,0.148,0,0.057,0.07
11/03/2017 5:30,0.848,0.049,7.86,0.068,0.552,0.253,0.116,0.731,0,0.023,0.085
11/03/2017 6:00,0.123,0.168,7.24,0.059,0.566,0.238,0.12,0.129,0,0.024,0.083
11/03/2017 6:30,0.118,0.236,6.412,0.071,0.576,0.225,0.05,0.014,0,0.023,0.048
11/03/2017 7:00,0.11,0.024,7.38,0.048,0.581,0.233,0,0,0.001,0.023,0.066
11/03/2017 7:30,5.588,0.029,6.952,0.075,0.584,0.703,0,0,0,0.024,0.051
11/03/2017 8:00,6.103,0.047,7.88,0.044,0.581,1.025,0,0.152,0,0.023,0.048
11/03/2017 8:30,8.723,0.02,7.992,0.076,0.581,1.055,0,0.295,0,0.024,0.069
11/03/2017 9:00,5.985,0.029,6.52,0.051,0.585,1.268,0,0.173,0.001,0.023,0.073
11/03/2017 9:30,0.105,0.046,6.96,0.073,0.584,1.285,0,0,0,0.024,0.094
11/03/2017 10:00,0.108,0.021,7.392,0.056,0.561,1.158,0,0,0,0.023,0.083
11/03/2017 10:30,0.12,0.029,8.052,0.069,0.486,1.12,0,0.014,0.001,0.024,0.05
11/03/2017 11:00,0.115,0.048,8.7,0.061,0.44,1.005,0,0,0,0.024,0.07
11/03/2017 11:30,0.12,0.021,6.692,0.061,0.416,0.998,0,0,0.001,0.024,0.049
11/03/2017 12:00,0.108,0.03,7.42,0.068,0.413,0.698,0,0,0,0.023,0.061
11/03/2017 12:30,0.108,0.049,7.46,0.063,0.414,0.77,0,0,0.001,0.024,0.062
11/03/2017 13:00,0.12,0.021,7.2,0.084,0.423,0.253,0,0.002,0,0.023,0.07
11/03/2017 13:30,0.12,0.033,7.872,0.048,0.43,0.27,0,0,0.001,0.024,0.102
11/03/2017 14:00,0.123,0.05,7.92,0.078,0.44,0.268,0,0,0,0.024,0.076
11/03/2017 14:30,0.108,0.039,8.06,0.05,0.427,0.253,0,0,0.001,0.023,0.067
11/03/2017 15:00,0.108,0.066,6.892,0.075,0.423,0.24,0,0,0,0.024,0.059
11/03/2017 15:30,0.388,0.114,7.38,0.056,0.441,0.24,0,0,0.001,0.024,0.048
11/03/2017 16:00,0.123,0.093,6.96,0.108,0.429,0.25,0,0,0,0.023,0.071
11/03/2017 16:30,0.128,0.048,7.88,0.084,0.408,0.305,0,0.02,0,0.024,0.048
11/03/2017 17:00,0.115,0.114,8.62,0.091,0.408,0.253,0,0,0.001,0.024,0.082
11/03/2017 17:30,0.11,0.129,10.328,0.057,0.408,0.305,0.018,0.741,0,0.023,0.091
11/03/2017 18:00,0.11,0.302,9.74,0.081,0.408,0.233,0.065,0.891,0,0.024,0.077
11/03/2017 18:30,0.18,0.11,7.432,0.05,0.41,0.235,0.129,1.391,0,0.023,0.092
11/03/2017 19:00,0.23,0.095,8.832,0.073,0.411,0.552,0.158,2.169,0,0.024,0.048
11/03/2017 19:30,0.23,0.075,7.92,0.059,0.413,0.253,0.132,0.836,0,0.024,0.064
11/03/2017 20:00,0.223,0.085,7.852,0.065,0.413,0.198,0.147,0.624,0,0.024,0.056
11/03/2017 20:30,0.22,0.084,7.76,0.065,0.414,0.253,0.129,0.732,0,0.023,0.049
11/03/2017 21:00,0.225,0.064,5.54,0.057,0.408,0.205,0.14,1.356,0,0.024,0.075
11/03/2017 21:30,0.23,0.095,6.492,0.076,0.435,0.233,0.153,0.579,0.001,0.023,0.081
11/03/2017 22:00,0.233,0.061,7.02,0.048,0.426,0.203,0.132,0.529,0,0.023,0.099
11/03/2017 22:30,0.23,0.073,6.452,0.076,0.476,0.248,0.147,0.497,0,0.024,0.068
11/03/2017 23:00,0.47,0.09,7.24,0.048,0.435,0.215,0.128,0.819,0,0.023,0.057
11/03/2017 23:30,0.318,0.053,9.72,0.073,0.429,0.24,0.137,0.717,0,0.024,0.061
12/03/2017 0:00,0.253,0.068,8.368,0.056,0.446,0.208,0.138,0.227,0,0.024,0.049
12/03/2017 0:30,0.26,0.046,6.792,0.065,0.43,0.245,0.126,0.192,0,0.024,0.07
12/03/2017 1:00,0.22,0.014,7.932,0.066,0.423,0.233,0.145,0.195,0,0.024,0.054
12/03/2017 1:30,0.23,0.053,8.112,0.059,0.407,0.26,0.126,0.194,0.001,0.023,0.09
12/03/2017 2:00,0.23,0.034,8.132,0.073,0.407,0.498,0.135,0.185,0,0.114,0.091
12/03/2017 2:30,0.228,0.018,7.66,0.047,0.407,0.198,0.14,0.147,0,0.023,0.069
12/03/2017 3:00,0.215,0.046,6.512,0.08,0.49,0.223,0.132,0.168,0,0.078,0.069
12/03/2017 3:30,0.215,0.033,7.36,0.041,0.549,0.198,0.147,0.165,0,0.13,0.048
12/03/2017 4:00,0.113,0.016,7.208,0.08,0.55,0.25,0.131,0.144,0,0.05,0.055
12/03/2017 4:30,0.12,0.044,7.56,0.05,0.549,0.22,0.137,0.159,0,0.093,0.062
12/03/2017 5:00,0.12,0.035,6.56,0.072,0.564,0.25,0.122,0.147,0,0.023,0.048
12/03/2017 5:30,0.115,0.012,6.032,0.056,0.549,0.235,0.126,0.144,0,0.024,0.095
12/03/2017 6:00,0.103,0.043,6.912,0.066,0.561,0.233,0.137,0.152,0,0.023,0.078
12/03/2017 6:30,0.375,0.039,8.34,0.061,0.581,0.25,0.02,0.828,0,0.024,0.073
12/03/2017 7:00,0.12,0.214,9.9,0.059,0.581,0.265,0,0.098,0,0.023,0.062
12/03/2017 7:30,0.118,0.138,8.992,0.068,0.581,0.18,0,0,0,0.023,0.048
12/03/2017 8:00,0.12,0.193,8.428,0.051,0.587,0.238,0,0,0.001,0.024,0.066
12/03/2017 8:30,0.108,0.07,7.96,0.076,0.593,0.498,0,0.014,0,0.024,0.051
12/03/2017 9:00,0.105,0.078,6.32,0.05,0.597,0.238,0,0,0,0.024,0.05
12/03/2017 9:30,0.115,0.055,8.5,0.099,0.591,0.208,0,0,0.001,0.023,0.093
12/03/2017 10:00,0.12,0.032,7.28,0.09,0.563,0.22,0,0,0,0.024,0.079
12/03/2017 10:30,0.123,0.034,6.7,0.091,0.473,0.21,0,0,0.001,0.024,0.09
12/03/2017 11:00,0.11,0.053,8.368,0.068,0.44,0.235,0,0,0,0.023,0.051
12/03/2017 11:30,0.11,0.016,8.408,0.072,0.427,0.225,0,0,0.001,0.024,0.052
12/03/2017 12:00,0.115,0.053,7.18,0.054,0.43,0.203,0,0,0,0.024,0.068
12/03/2017 12:30,0.12,0.036,7.64,0.081,0.423,0.263,0,0,0.001,0.024,0.049
12/03/2017 13:00,0.123,0.027,9.34,0.05,0.432,0.193,0,0,0,0.023,0.074
12/03/2017 13:30,0.115,0.079,9.88,0.075,0.437,0.23,0,0,0.001,0.024,0.082
12/03/2017 14:00,0.115,0.051,9.3,0.059,0.441,0.235,0,0,0,0.024,0.088
12/03/2017 14:30,0.38,0.082,8.912,0.066,0.417,0.242,0,0,0.001,0.024,0.091
12/03/2017 15:00,0.125,0.093,7.332,0.59,0.579,0.193,0,0,0,0.023,0.058
12/03/2017 15:30,0.123,0.098,7.472,0.447,0.481,0.545,0,0,0,0.024,0.071
12/03/2017 16:00,0.125,0.075,7.92,0.072,0.411,0.212,0,0.176,0.001,0.024,0.048
12/03/2017 16:30,0.113,0.059,8.76,0.047,0.413,0.245,0,0,0,0.023,0.068
12/03/2017 17:00,0.113,0.07,9.352,0.08,0.426,0.203,0,0.027,0,0.024,0.05
12/03/2017 17:30,0.118,0.066,9.74,0.045,0.41,0.23,0.015,0.398,0,0.024,0.08
12/03/2017 18:00,0.125,0.057,8.232,0.073,0.413,0.253,0.078,0.633,0,0.023,0.091
12/03/2017 18:30,0.19,0.078,7.36,0.056,0.411,0.228,0.132,1.677,0.001,0.024,0.082
12/03/2017 19:00,0.233,0.071,8.292,0.063,0.423,0.27,0.14,1.215,0,0.024,0.076
12/03/2017 19:30,0.223,0.126,9.492,0.065,0.413,0.275,0.164,0.594,0,0.024,0.048
12/03/2017 20:00,0.218,0.041,9.36,0.054,0.411,0.23,0.141,0.481,0,0.023,0.069
12/03/2017 20:30,0.228,0.176,8.348,0.076,0.411,0.278,0.14,0.338,0,0.024,0.049
12/03/2017 21:00,0.238,0.159,7.248,0.045,0.426,0.218,0.138,0.324,0.001,0.024,0.066
12/03/2017 21:30,0.238,0.093,8.08,0.078,0.408,0.29,0.141,0.915,0,0.023,0.07
12/03/2017 22:00,0.228,0.068,6.14,0.05,0.408,0.21,0.158,0.669,0,0.024,0.087
12/03/2017 22:30,0.413,0.075,6.96,0.071,0.449,0.595,0.137,0.407,0,0.024,0.089
12/03/2017 23:00,0.29,0.07,7.992,0.06,0.434,0.33,0.144,0.248,0,0.023,0.059
12/03/2017 23:30,0.228,0.024,8.072,0.061,0.45,0.315,0.125,0.254,0,0.024,0.068
13/03/2017 0:00,0.24,0.064,7.652,0.065,0.447,0.273,0.132,0.252,0,0.024,0.049
13/03/2017 0:30,0.23,0.017,7.208,0.057,0.441,0.313,0.145,0.248,0,0.024,0.062
13/03/2017 1:00,0.223,0.066,8.1,0.072,0.441,0.295,0.138,0.239,0,0.023,0.055
13/03/2017 1:30,0.22,0.022,7.852,0.048,0.444,0.305,0.155,0.248,0.001,0.024,0.068
13/03/2017 2:00,0.223,0.047,7.7,0.078,0.441,0.29,0.138,0.225,0,0.023,0.101
13/03/2017 2:30,0.235,0.04,10.192,0.048,0.416,0.313,0.143,0.243,0,0.187,0.077
13/03/2017 3:00,0.23,0.032,7.692,0.099,0.438,0.305,0.129,0.239,0,0.051,0.085
13/03/2017 3:30,0.233,0.069,7.76,0.091,0.56,0.265,0.126,0.228,0,0.063,0.048
13/03/2017 4:00,0.113,0.026,7.6,0.088,0.584,0.318,0.147,0.252,0,0.052,0.061
13/03/2017 4:30,0.113,0.056,9.38,0.051,0.584,0.27,0.126,0.231,0,0.111,0.057
13/03/2017 5:00,0.115,0.048,10.988,0.084,0.569,0.248,0.155,0.249,0,0.111,0.051
13/03/2017 5:30,0.123,0.033,10.9,0.048,0.547,1.185,0.137,0.658,0.001,0.109,0.075
13/03/2017 6:00,0.12,0.066,11.32,0.075,0.563,0.98,0.135,0.396,0,0.11,0.08
13/03/2017 6:30,0.385,0.157,10.64,0.057,0.581,1.015,0.075,0.08,0,0.11,0.098
13/03/2017 7:00,1.893,0.343,10.58,0.061,0.582,1.113,0,0.095,0,0.111,0.069
13/03/2017 7:30,4.41,0.021,11.132,1.239,0.84,1.155,0.012,0.245,0,0.11,0.066
13/03/2017 8:00,3.723,0.066,12.54,1.289,3.272,1.288,2.01,0.332,0,0.111,0.05
13/03/2017 8:30,3.725,0.019,12.232,1.325,3.341,1.705,0.771,0.74,0.661,0.419,0.181
13/03/2017 9:00,3.745,0.044,13.832,1.683,3.055,1.338,0.744,0.467,1.273,0.791,0.68
13/03/2017 9:30,5.125,0.043,12.56,2.934,3.135,1.61,0.552,0.392,1.269,0.823,0.607
13/03/2017 10:00,10.21,0.019,12.42,2.067,3.063,1.295,0.446,0.198,1.265,0.852,0.606
13/03/2017 10:30,11.315,0.056,14.252,2.281,2.93,1.37,0.347,0.022,1.275,0.858,0.588
13/03/2017 11:00,9.773,0.029,14.52,1.854,2.726,1.05,0.298,0.132,1.268,0.858,0.629
13/03/2017 11:30,10.54,0.029,13.872,1.451,2.714,1.278,0.15,0,1.262,0.901,0.641
13/03/2017 12:00,9.995,0.051,14.82,1.598,2.925,1.468,0.098,0.005,1.472,1.126,0.799
13/03/2017 12:30,5.65,0.081,13.852,1.491,3.067,1.215,0.108,0,1.727,1.323,1.354
13/03/2017 13:00,5.03,0.072,12.82,2.462,3.021,1.133,0.137,0,1.718,1.307,1.318
13/03/2017 13:30,4.668,0.037,12.928,2.34,3.041,0.948,0.134,0,1.582,1.154,1.283
13/03/2017 14:00,10.178,0.1,12.132,2.181,3.138,1.178,0.195,0.033,0,0.027,0.109
13/03/2017 14:30,8.725,0.118,12.452,1.934,2.966,1.085,0.102,0.048,0,0.026,0.1
13/03/2017 15:00,6.548,0.195,11.812,1.809,2.925,1.04,0.195,0.144,0,0.026,0.077
13/03/2017 15:30,5.793,0.114,12.14,1.869,2.97,1.33,0.181,0.84,0,0.026,0.097
13/03/2017 16:00,0.547,0.1,11.572,2.01,2.833,0.65,0.191,0.427,0,0.026,0.052
13/03/2017 16:30,0.305,0.119,11.172,1.956,2.783,0.357,0.022,1.079,0,0.027,0.061
13/03/2017 17:00,0.235,0.116,10.132,1.901,2.797,0.235,0.044,0.57,0,0.026,0.054
13/03/2017 17:30,0.118,0.115,10.608,1.593,2.484,0.245,0.021,0.747,0,0.027,0.054
13/03/2017 18:00,0.11,0.127,9.82,0.32,2.172,0.198,0.104,0.924,0,0.026,0.063
13/03/2017 18:30,0.215,0.155,8.272,0.312,0.417,0.27,0.159,0.887,0,0.026,0.078
13/03/2017 19:00,0.225,0.349,8.1,0.361,0.429,0.258,0.147,0.858,0,0.027,0.101
13/03/2017 19:30,0.23,0.131,7.872,0.35,0.44,0.27,0.153,0.828,0,0.026,0.076
13/03/2017 20:00,0.225,0.089,9.18,0.35,0.413,0.2,0.134,1.685,0,0.026,0.084
13/03/2017 20:30,0.223,0.358,8.812,0.326,0.432,0.253,0.148,0.986,0,0.027,0.049
13/03/2017 21:00,0.218,0.088,8.772,0.333,0.446,0.223,0.144,0.389,0,0.026,0.06
13/03/2017 21:30,0.218,0.056,8.508,0.318,0.446,0.532,0.138,0.213,0,0.026,0.058
13/03/2017 22:00,0.228,0.08,8.192,0.342,0.444,0.208,0.161,0.18,0,0.027,0.049
13/03/2017 22:30,0.23,0.078,8.56,0.303,0.484,0.258,0.143,0.148,0,0.026,0.08
13/03/2017 23:00,0.23,0.072,10.12,0.339,0.468,0.23,0.153,0.14,0,0.026,0.081
13/03/2017 23:30,0.22,0.06,10.688,0.315,0.453,0.258,0.131,0.158,0,0.026,0.099
14/03/2017 0:00,0.405,0.028,10.212,0.327,0.444,0.238,0.138,0.352,0,0.026,0.065
14/03/2017 0:30,0.302,0.06,9.4,0.326,0.414,0.242,0.143,0.543,0,0.027,0.062
14/03/2017 1:00,0.23,0.03,8.852,0.301,0.413,0.205,0.131,0.153,0,0.026,0.056
14/03/2017 1:30,0.23,0.046,7.8,0.321,0.414,0.223,0.15,0.698,0,0.027,0.051
14/03/2017 2:00,0.23,0.042,8.34,0.292,0.429,0.248,0.138,0.158,0,0.026,0.068
14/03/2017 2:30,0.215,0.028,8.508,0.318,0.411,0.2,0.15,0.143,0,0.093,0.055
14/03/2017 3:00,0.208,0.059,11.972,0.287,0.414,0.225,0.144,0.14,0,0.142,0.1
14/03/2017 3:30,0.22,0.017,10.6,0.308,0.423,0.228,0.137,0.15,0,0.044,0.079
14/03/2017 4:00,0.123,0.05,9,0.297,0.449,0.225,0.147,0.14,0,0.101,0.081
14/03/2017 4:30,0.12,0.037,8.792,0.314,0.584,0.498,0.123,0.143,0,0.05,0.06
14/03/2017 5:00,0.115,0.026,9.972,0.324,0.588,0.25,0.14,0.161,0,0.027,0.048
14/03/2017 5:30,0.105,0.212,17.68,0.295,0.578,0.19,0.134,0.14,0,0.026,0.069
14/03/2017 6:00,0.108,0.105,15.948,0.314,0.555,0.633,0.131,0.195,0,0.197,0.048
14/03/2017 6:30,0.12,0.13,15.02,0.288,0.585,0.79,0.153,0.291,0,0.026,0.056
14/03/2017 7:00,1.073,0.085,19.252,0.314,0.563,1.11,0.17,0.529,0,0.026,0.085
14/03/2017 7:30,4.827,0.104,18.552,1.242,1.122,1.333,0.159,0.596,0,0.027,0.078
14/03/2017 8:00,5.81,0.106,20.76,0.977,2.279,1.43,0.352,2.188,1.015,0.512,0.211
14/03/2017 8:30,10.615,0.076,22.732,0.291,2.364,1.25,0.438,0.652,1.261,0.662,0.241
14/03/2017 9:00,10.22,0.112,21.8,0.426,2.339,1.22,0.42,1.005,1.266,0.666,0.587
14/03/2017 9:30,7.558,0.095,21.04,0.981,2.441,1.593,0.332,1.569,1.258,0.877,0.653
14/03/2017 10:00,10.07,0.194,19.74,1.143,2.47,0.97,0.336,0.726,1.257,0.917,0.58
14/03/2017 10:30,11.205,0.128,20.632,1.146,2.955,1.263,0.404,1.088,1.257,0.996,0.73
14/03/2017 11:00,10.285,0.082,21.02,1.103,2.522,1.222,0.455,1.446,1.264,1.001,0.845
14/03/2017 11:30,9.475,0.131,19.94,1.176,3.026,1.298,0.381,1.744,1.28,0.997,1.062
14/03/2017 12:00,8.527,0.218,22.44,1.121,2.535,1.318,0.218,1.688,1.274,0.988,1.133
14/03/2017 12:30,3.91,0.189,19.852,1.187,2.808,1.742,0.105,0.974,1.291,1.007,0.807
14/03/2017 13:00,6.138,0.099,21.12,1.091,2.664,1.818,0.143,0.936,1.269,0.992,0.654
14/03/2017 13:30,6.44,0.079,21.36,0.951,2.972,1.953,0,0,1.286,0.978,0.601
14/03/2017 14:00,7.95,0.083,20.94,0.717,3.261,1.963,0.012,0,1.28,0.835,0.591
14/03/2017 14:30,11.648,0.095,19.632,0.084,3.231,1.295,0,0.06,0.764,0.434,0.301
14/03/2017 15:00,9.395,0.061,17.24,0.057,2.889,1.443,0,0.052,0,0.026,0.078
14/03/2017 15:30,9.65,0.154,18.448,0.063,3.009,1.325,0.007,0.091,0,0.026,0.098
14/03/2017 16:00,0.25,0.066,18.448,0.066,2.933,0.88,0.014,0.332,0.001,0.026,0.079
14/03/2017 16:30,0.225,0.087,16.972,0.057,2.801,0.45,0.029,0.602,0,0.026,0.076
14/03/2017 17:00,0.215,0.089,15.18,0.072,2.75,0.703,0.131,1.295,0,0.027,0.059
14/03/2017 17:30,0.212,0.06,15.132,0.048,2.661,0.328,0.208,1.095,0,0.026,0.05
14/03/2017 18:00,0.212,0.105,14.732,0.076,1.829,0.383,0.285,1.199,0,0.026,0.072
14/03/2017 18:30,0.22,0.107,15.332,0.048,1.802,0.318,0.341,1.115,0,0.026,0.053
14/03/2017 19:00,0.223,0.126,15.38,0.075,1.839,0.405,0.167,0.848,0,0.027,0.067
14/03/2017 19:30,0.505,0.144,14.572,0.057,1.854,1.048,0.161,1.259,0,0.026,0.107
14/03/2017 20:00,0.225,0.199,13.4,0.065,1.839,0.845,0.141,0.999,0,0.027,0.079
14/03/2017 20:30,0.212,0.489,12.72,0.063,0.802,0.373,0.148,1.449,0,0.026,0.07
14/03/2017 21:00,0.212,0.326,12.12,0.059,0.481,0.383,0.141,1.343,0.001,0.026,0.071
14/03/2017 21:30,0.225,0.193,11.94,0.069,0.471,0.258,0.131,0.873,0,0.026,0.05
14/03/2017 22:00,0.225,0.535,10.368,0.05,0.447,0.242,0.152,0.683,0,0.027,0.059
14/03/2017 22:30,0.225,0.137,11.512,0.076,0.506,0.225,0.132,0.465,0,0.026,0.066
14/03/2017 23:00,0.22,0.027,9.252,0.047,0.492,0.59,0.144,0.435,0,0.027,0.056
14/03/2017 23:30,0.212,0.07,11.48,0.073,0.458,0.203,0.144,0.263,0,0.027,0.096
15/03/2017 0:00,0.215,0.04,11.872,0.056,0.47,0.273,0.138,0.24,0,0.027,0.09
15/03/2017 0:30,0.223,0.077,12.032,0.069,0.48,0.218,0.148,0.27,0,0.027,0.074
15/03/2017 1:00,0.228,0.084,10.808,0.063,0.48,0.27,0.132,0.746,0.001,0.027,0.07
15/03/2017 1:30,0.23,0.079,11.08,0.057,0.48,0.23,0.152,0.347,0,0.026,0.055
15/03/2017 2:00,0.22,0.027,10.72,0.071,0.477,0.23,0.132,0.252,0,0.027,0.05
15/03/2017 2:30,0.212,0.065,10.46,0.048,0.506,0.253,0.129,0.855,0,0.026,0.073
15/03/2017 3:00,0.48,0.041,13.76,0.08,0.593,0.223,0.145,0.194,0,0.196,0.052
15/03/2017 3:30,0.212,0.043,14.48,0.039,0.615,0.228,0.128,0.213,0,0.027,0.079
15/03/2017 4:00,0.218,0.055,16.832,0.081,0.615,0.24,0.141,0.185,0,0.026,0.105
15/03/2017 4:30,0.225,0.016,14.512,0.048,0.618,0.245,0.129,0.207,0,0.091,0.07
15/03/2017 5:00,0.218,0.051,15.28,0.073,0.612,0.253,0.137,0.239,0,0.407,0.051
15/03/2017 5:30,0.21,0.036,16.412,0.052,0.585,0.273,0.153,0.743,0,0.407,0.072
15/03/2017 6:00,0.21,0.023,18.348,0.11,0.593,0.878,0.137,0.996,0.001,0.41,0.05
15/03/2017 6:30,0.218,0.054,15.2,0.083,0.621,1.168,0.153,0.21,0,0.413,0.052
15/03/2017 7:00,2.33,0.025,18.48,0.532,0.62,1.13,0.123,0.36,0,0.411,0.072
15/03/2017 7:30,5.438,0.266,17.08,1.272,1.421,1.34,0.288,0.906,0,0.408,0.08
15/03/2017 8:00,5.19,0.267,18.44,1.329,1.959,1.413,0.503,1.445,0,0.412,0.086
15/03/2017 8:30,4.015,0.072,21.06,1.298,2.721,1.347,0.69,2.03,0.378,0.252,0.14
15/03/2017 9:00,7.688,0.07,20.872,1.494,2.623,1.678,0.804,1.836,1.272,0.705,0.615
15/03/2017 9:30,5.788,0.141,20.38,1.389,2.519,1.255,0.509,0.429,1.258,0.774,0.719
15/03/2017 10:00,11.003,0.132,19.632,1.397,2.531,1.145,0.464,0.522,1.257,0.771,0.673
15/03/2017 10:30,11.578,0.06,19.232,0.836,2.465,1.125,0.786,1.502,1.266,0.775,0.627
15/03/2017 11:00,10.555,0.124,21.292,0.43,2.133,1.133,0.669,0.747,1.267,0.995,0.651
15/03/2017 11:30,10.118,0.083,19.02,0.822,2.817,1.41,0.701,0.396,1.26,1.015,0.746
15/03/2017 12:00,8.405,0.167,20.232,1.518,2.76,1.815,0.405,0.289,1.256,0.907,0.742
15/03/2017 12:30,3.89,0.127,20.2,2.236,2.768,1.745,0.269,0.051,1.269,0.777,0.771
15/03/2017 13:00,9.455,0.105,18.732,1.82,2.591,2.168,0.609,0.427,1.264,0.961,0.738
15/03/2017 13:30,9.035,0.062,17.44,1.769,2.559,1.895,2.422,0.392,1.267,0.969,0.677
15/03/2017 14:00,10.2,0.118,17.652,0.915,2.541,1.617,2.553,0.749,1.265,0.921,0.599
15/03/2017 14:30,10.775,0.104,18.508,0.49,2.607,1.59,2.685,1.046,1.27,0.913,0.602
15/03/2017 15:00,10.353,0.113,17.552,1.28,2.469,1.588,2.702,1.4,0.267,0.203,0.237
15/03/2017 15:30,6.375,0.11,17.02,1.269,2.458,1.643,2.685,1.406,0,0.027,0.074
15/03/2017 16:00,0.318,0.062,18.12,1.331,2.453,2,2.346,1.818,0,0.026,0.094
15/03/2017 16:30,0.56,0.104,16.332,0.815,2.469,1.03,0.777,1.359,0,0.027,0.077
15/03/2017 17:00,0.242,0.055,14.752,0.08,2.121,0.65,0.411,1.308,0,0.026,0.082
15/03/2017 17:30,0.225,0.145,14.74,0.056,1.861,0.578,0.288,0.493,0,0.027,0.063
15/03/2017 18:00,0.21,0.157,15.172,0.065,0.632,0.46,0.351,0.747,0,0.027,0.048
15/03/2017 18:30,0.225,0.177,15.668,0.066,0.416,0.435,0.399,1.093,0,0.026,0.059
15/03/2017 19:00,0.235,0.61,14.532,0.057,0.408,0.408,0.14,1.502,0,0.026,0.064
15/03/2017 19:30,0.23,0.517,15.172,0.071,0.413,0.388,0.147,1.488,0,0.027,0.055
15/03/2017 20:00,0.212,0.154,13.612,0.05,0.437,0.373,0.155,1.283,0.001,0.026,0.089
15/03/2017 20:30,0.228,0.199,13.42,0.078,0.443,0.383,0.134,2.312,0,0.026,0.1
15/03/2017 21:00,0.233,0.34,13.14,0.042,0.438,0.66,0.14,1.148,0,0.027,0.074
15/03/2017 21:30,0.22,0.096,14.02,0.08,0.441,0.362,0.126,0.913,0,0.026,0.052
15/03/2017 22:00,0.498,0.088,13.76,0.044,0.441,0.32,0.145,0.675,0,0.026,0.073
15/03/2017 22:30,0.23,0.026,13.22,0.076,0.468,0.335,0.145,0.383,0,0.027,0.048
15/03/2017 23:00,0.23,0.071,12.472,0.052,0.435,0.292,0.132,0.465,0,0.026,0.049
15/03/2017 23:30,0.228,0.026,11.26,0.069,0.45,0.235,0.144,0.437,0,0.026,0.075
16/03/2017 0:00,0.215,0.061,11.272,0.073,0.452,0.24,0.135,0.161,0.001,0.027,0.075
16/03/2017 0:30,0.233,0.033,11.74,0.093,0.443,0.26,0.134,0.131,0,0.027,0.079
16/03/2017 1:00,0.233,0.039,11.132,0.09,0.44,0.233,0.14,0.141,0,0.026,0.105
16/03/2017 1:30,0.225,0.051,11.38,0.08,0.418,0.245,0.126,0.128,0.001,0.027,0.055
16/03/2017 2:00,0.215,0.017,10.808,0.059,0.42,0.233,0.144,0.143,0,0.093,0.05
16/03/2017 2:30,0.235,0.067,10.688,0.065,0.444,0.245,0.129,0.111,0,0.026,0.072
16/03/2017 3:00,0.242,0.079,12.04,0.069,0.514,0.225,0.141,0.148,0,0.026,0.049
16/03/2017 3:30,0.21,0.07,13.448,0.052,0.579,0.503,0.147,0.126,0,0.026,0.053
16/03/2017 4:00,0.218,0.017,14.632,0.075,0.581,0.25,0.134,0.12,0,0.083,0.08
16/03/2017 4:30,0.228,0.049,17.652,0.048,0.579,0.205,0.14,0.125,0,0.122,0.079
16/03/2017 5:00,0.352,0.037,18.42,0.075,0.569,0.248,0.113,0.626,0,0.026,0.085
16/03/2017 5:30,0.362,0.022,16.672,0.05,0.552,0.72,0.126,0.772,0,0.026,0.069
16/03/2017 6:00,0.21,0.052,19.06,0.071,0.561,0.885,0.145,0.347,0.001,0.026,0.048
16/03/2017 6:30,0.16,0.262,15.88,0.236,0.556,0.993,0.071,0.71,0,0.026,0.056
16/03/2017 7:00,1.448,0.105,18.76,1.274,0.581,1.183,0,0.057,0,0.027,0.063
16/03/2017 7:30,3.09,0.161,19.16,1.266,1.542,1.578,0,0.102,0,0.026,0.047
16/03/2017 8:00,4.06,0.222,21.492,0.461,2.772,1.24,0.095,0.367,0,0.026,0.069
16/03/2017 8:30,4.143,0.225,18.46,0.291,2.503,1.403,0,0,0.274,0.139,0.103
16/03/2017 9:00,4.655,0.244,21.98,0.547,2.573,1.34,0.035,0.167,1.268,0.69,0.571
16/03/2017 9:30,3.708,0.085,22.108,0.27,2.627,1.64,0.12,0.363,1.284,0.734,0.73
16/03/2017 10:00,4.248,0.112,21.08,0.234,2.964,1.555,0.137,0.054,1.28,0.809,0.691
16/03/2017 10:30,4.53,0.202,24.112,0.516,2.606,1.313,0,0.102,1.279,0.844,0.74
16/03/2017 11:00,6.93,0.29,23.22,0.38,2.897,1.398,0.015,0.177,1.283,0.743,0.684
16/03/2017 11:30,9.623,0.072,22.628,0.63,3.188,1.278,0.177,0.002,1.27,0.818,0.728
16/03/2017 12:00,10.315,0.092,23.428,0.615,3.428,1.51,0.503,0.045,1.267,0.816,0.776
16/03/2017 12:30,7.08,0.056,22.1,0.492,3.311,1.528,0.24,0.012,1.259,0.818,0.805
16/03/2017 13:00,10.558,0.093,20.328,0.323,3.502,1.71,0.227,0,1.25,0.813,0.835
16/03/2017 13:30,10.345,0.072,20.94,0.282,3.313,1.345,0.037,0.017,1.223,0.82,0.672
16/03/2017 14:00,8.54,0.064,19.372,0.617,3.462,1.335,0.944,0.056,0.001,0.037,0.12
16/03/2017 14:30,8.445,0.095,18.82,0.506,3.516,1.323,1.337,0,0,0.028,0.062
16/03/2017 15:00,10.073,0.06,19.54,0.405,3.288,0.99,1.803,0.006,0,0.027,0.049
16/03/2017 15:30,7.947,0.084,17.86,0.072,3.305,1.16,1.998,0.012,0,0.028,0.064
16/03/2017 16:00,0.19,0.114,16.212,0.052,3.263,0.855,1.935,0.14,0,0.027,0.065
16/03/2017 16:30,0.158,0.112,16.14,0.065,3.15,0.505,1.727,0.678,0,0.028,0.082
16/03/2017 17:00,0.15,0.109,15.06,0.066,2.619,0.265,1.199,0.098,0.001,0.028,0.096
16/03/2017 17:30,0.147,0.289,14.76,0.051,0.389,0.265,0.012,1.058,0,0.027,0.091
16/03/2017 18:00,0.155,0.315,15.488,0.091,0.39,0.275,0.083,0.815,0,0.028,0.057
16/03/2017 18:30,0.24,0.152,15.352,0.091,0.405,0.23,0.164,0.928,0,0.028,0.066
16/03/2017 19:00,0.268,0.09,14.912,0.093,0.404,0.31,0.144,0.941,0,0.028,0.061
16/03/2017 19:30,0.253,0.087,14.132,0.06,0.387,0.24,0.144,1.703,0,0.028,0.05
16/03/2017 20:00,0.258,0.086,13.128,0.08,0.387,0.275,0.131,1.536,0,0.027,0.068
16/03/2017 20:30,0.263,0.086,12.532,0.048,0.389,0.545,0.123,0.759,0,0.028,0.08
16/03/2017 21:00,0.27,0.059,12.78,0.069,0.392,0.26,0.159,0.623,0.001,0.028,0.08
16/03/2017 21:30,0.438,0.063,12.08,0.065,0.398,0.23,0.141,0.673,0,0.028,0.103
16/03/2017 22:00,0.355,0.057,11.88,0.052,0.389,0.205,0.156,0.761,0,0.028,0.073
16/03/2017 22:30,0.242,0.063,11.612,0.072,0.424,0.242,0.138,0.689,0,0.027,0.049
16/03/2017 23:00,0.24,0.039,10.748,0.051,0.411,0.205,0.126,1.406,0,0.028,0.075
16/03/2017 23:30,0.253,0.077,10.3,0.065,0.41,0.258,0.137,1.05,0,0.027,0.049
17/03/2017 0:00,0.253,0.299,11.6,0.069,0.384,0.295,0.128,0.312,0,0.028,0.05
17/03/2017 0:30,0.245,0.047,11.132,0.051,0.398,0.265,0.156,0.361,0,0.028,0.079
17/03/2017 1:00,0.238,0.05,10.66,0.073,0.381,0.248,0.138,0.339,0,0.04,0.082
17/03/2017 1:30,0.235,0.016,10.64,0.05,0.387,0.24,0.137,0.347,0.001,0.12,0.083
17/03/2017 2:00,0.242,0.055,10.588,0.066,0.392,0.242,0.152,0.972,0,0.028,0.093
17/03/2017 2:30,0.242,0.032,10.928,0.063,0.452,0.19,0.125,0.255,0,0.192,0.049
17/03/2017 3:00,0.238,0.024,11.252,0.052,0.553,0.56,0.144,0.252,0,0.028,0.056
17/03/2017 3:30,0.228,0.052,13.46,0.076,0.552,0.212,0.129,0.252,0,0.027,0.067
17/03/2017 4:00,0.113,0.025,16.68,0.05,0.534,0.25,0.128,0.243,0,0.122,0.05
17/03/2017 4:30,0.12,0.03,17.612,0.066,0.528,0.173,0.152,0.261,0,0.129,0.06
17/03/2017 5:00,0.128,0.05,15.488,0.065,0.555,0.24,0.128,0.231,0,0.103,0.094
17/03/2017 5:30,0.393,0.023,13.5,0.051,0.547,0.173,0.144,0.426,0.811,0.408,0.145
17/03/2017 6:00,0.11,0.074,15.252,0.073,0.534,0.605,0.137,0.957,0.201,0.28,0.136
17/03/2017 6:30,0.113,0.082,14.132,0.086,0.54,0.98,0.087,0.186,0,0.059,0.057
17/03/2017 7:00,1.315,0.042,14.532,1.043,0.552,1.048,0.068,0,0,0.027,0.049
17/03/2017 7:30,0.422,0.059,14.3,0.821,2.789,1.205,0,0,0.001,0.028,0.068
17/03/2017 8:00,4.308,0.026,14.96,0.06,2.345,1.258,0,0,0,0.027,0.053
17/03/2017 8:30,4.527,0.061,14.592,0.168,2.546,1.555,0,0,0.113,0.058,0.049
17/03/2017 9:00,4.275,0.226,10.948,0.614,2.574,1.263,0.003,0.018,1.278,0.786,0.707
17/03/2017 9:30,1.445,0.155,11.892,0.906,3.141,1.6,0.006,0,1.285,0.831,0.678
17/03/2017 10:00,3.458,0.091,14.152,0.673,3.227,1.323,1.031,0.017,1.285,0.826,0.691
17/03/2017 10:30,3.283,0.064,15.568,0.658,3.437,1.33,1.023,0.002,1.274,0.819,0.688
17/03/2017 11:00,4.215,0.028,13.288,0.768,3.383,1.635,2.07,0.022,1.703,1.214,1.125
17/03/2017 11:30,4.495,0.044,11.32,0.473,3.377,1.468,1.99,0,1.76,1.295,1.388
17/03/2017 12:00,7.27,0.048,11.372,0.398,3.473,1.242,1.686,0.003,1.407,0.969,0.989
17/03/2017 12:30,3.53,0.022,9.992,0.71,3.516,1.26,1.122,0,1.275,0.829,0.725
17/03/2017 13:00,9.662,0.063,9.412,0.793,3.515,1.383,0.87,0,1.27,0.831,0.726
17/03/2017 13:30,9.69,0.026,11.512,0.492,3.502,2.093,0.999,0,1.272,0.777,0.701
17/03/2017 14:00,9.518,0.041,10.528,0.09,3.644,1.288,1.064,0,0.59,0.35,0.269
17/03/2017 14:30,9.828,0.059,12.848,0.05,3.738,1.17,1.361,0,0,0.026,0.101
17/03/2017 15:00,9.568,0.078,13.44,0.075,3.863,1.013,1.293,0,0,0.027,0.063
17/03/2017 15:30,8.72,0.056,15.18,0.057,3.617,0.96,1.509,0,0,0.027,0.049
17/03/2017 16:00,1.35,0.172,11.22,0.065,2.68,0.945,0.978,0.347,0,0.026,0.077
17/03/2017 16:30,0.878,0.115,9.64,0.068,1.832,0.878,0.042,0.152,0,0.026,0.049
17/03/2017 17:00,0.973,0.065,9.54,0.054,1.744,0.848,0.029,0.047,0.001,0.027,0.052
17/03/2017 17:30,1.15,0.111,9.66,0.078,1.772,0.943,0.024,1.037,0,0.027,0.107
17/03/2017 18:00,1.143,0.069,9.392,0.047,1.685,0.895,0.105,0.254,0,0.027,0.08
17/03/2017 18:30,1.035,0.131,8.8,0.083,1.457,0.843,0.15,0.269,0,0.026,0.086
17/03/2017 19:00,0.983,0.21,8.052,0.051,0.553,0.642,0.145,0.275,0,0.027,0.079
17/03/2017 19:30,0.973,0.308,7.832,0.069,0.41,0.455,0.148,0.673,0,0.027,0.05
17/03/2017 20:00,0.968,0.427,9.192,0.06,0.408,0.487,0.122,0.366,0,0.027,0.057
17/03/2017 20:30,0.985,0.29,8.96,0.06,0.421,0.743,0.143,0.79,0.001,0.026,0.069
17/03/2017 21:00,0.983,0.089,10.308,0.071,0.414,0.487,0.144,0.237,0,0.027,0.049
17/03/2017 21:30,1.24,0.073,9.88,0.05,0.408,0.463,0.143,0.204,0,0.027,0.08
17/03/2017 22:00,1.663,0.071,9.012,0.076,0.408,0.405,0.158,0.26,0,0.027,0.1
17/03/2017 22:30,0.99,0.022,8.72,0.047,0.447,0.357,0.138,0.249,0,0.027,0.077
17/03/2017 23:00,0.98,0.067,8.592,0.075,0.432,0.403,0.141,0.236,0,0.026,0.077
17/03/2017 23:30,0.978,0.027,8.932,0.057,0.418,0.35,0.131,0.234,0,0.027,0.065
18/03/2017 0:00,0.968,0.062,8.44,0.063,0.411,0.398,0.132,0.227,0,0.027,0.049
18/03/2017 0:30,1.265,0.019,8.448,0.066,0.41,0.403,0.148,0.21,0,0.027,0.059
18/03/2017 1:00,1.405,0.07,8.172,0.054,0.41,0.405,0.132,0.204,0.001,0.122,0.066
18/03/2017 1:30,0.978,0.018,8.072,0.073,0.408,0.41,0.141,0.211,0,0.026,0.054
18/03/2017 2:00,0.978,0.052,7.98,0.048,0.56,0.415,0.131,0.194,0,0.026,0.089
18/03/2017 2:30,0.968,0.037,7.54,0.08,0.591,0.385,0.131,0.225,0,0.027,0.1
18/03/2017 3:00,0.968,0.03,6.672,0.044,0.582,0.448,0.153,0.39,0,0.026,0.073
18/03/2017 3:30,1.492,0.058,8.772,0.078,0.579,0.633,0.135,0.582,0,0.026,0.049
18/03/2017 4:00,1.078,0.016,10.152,0.052,0.579,0.348,0.147,0.198,0,0.257,0.077
18/03/2017 4:30,0.858,0.049,9.072,0.068,0.573,0.37,0.135,0.197,0,0.089,0.048
18/03/2017 5:00,0.853,0.039,7.432,0.059,0.555,0.355,0.123,0.215,0,0.026,0.048
18/03/2017 5:30,1.145,0.021,7.372,0.06,0.543,0.385,0.153,0.746,0,0.026,0.07
18/03/2017 6:00,1.203,0.055,7.032,0.086,0.543,0.448,0.131,0.801,0,0.026,0.08
18/03/2017 6:30,1.25,0.027,8.348,0.086,0.561,0.39,0.042,0.05,0.001,0.026,0.078
18/03/2017 7:00,0.853,0.067,7.592,0.088,0.573,0.667,0,0.007,0,0.026,0.091
18/03/2017 7:30,0.87,0.282,7.832,0.075,0.576,0.91,0,0.181,0,0.026,0.061
18/03/2017 8:00,0.873,0.268,8.5,0.065,0.689,1.683,0,0,0,0.027,0.048
18/03/2017 8:30,0.87,0.075,8.468,0.061,2.075,1.308,0,0,0,0.026,0.053
18/03/2017 9:00,1.2,0.132,9.112,0.071,4.179,1.218,0,0,0,0.026,0.078
18/03/2017 9:30,1.225,0.096,10.012,0.05,3.083,1.168,0,0.014,0,0.026,0.058
18/03/2017 10:00,0.878,0.053,10.288,0.078,3.225,1.585,0,0,0.001,0.026,0.071
18/03/2017 10:30,0.87,0.079,9.572,0.052,3.159,1.173,0,0,0,0.026,0.078
18/03/2017 11:00,0.855,0.036,9.092,0.069,3.617,1.633,0,0,0,0.026,0.111
18/03/2017 11:30,0.863,0.054,9.4,0.063,2.541,1.585,0,0,0.001,0.027,0.079
18/03/2017 12:00,0.88,0.02,8.992,0.06,1.671,1.138,0,0,0,0.026,0.049
18/03/2017 12:30,0.88,0.068,9.172,0.075,0.769,0.61,0,0,0.001,0.027,0.048
18/03/2017 13:00,0.868,0.021,8.44,0.051,0.596,0.532,0,0.228,0,0.026,0.071
18/03/2017 13:30,1.135,0.049,6.88,0.083,0.578,0.475,0,0.059,0.001,0.026,0.068
18/03/2017 14:00,0.873,0.041,6.008,0.047,0.561,0.473,0,0,0,0.027,0.061
18/03/2017 14:30,0.88,0.03,6.38,0.078,0.556,0.438,0,0,0.001,0.026,0.081
18/03/2017 15:00,0.878,0.061,6.412,0.057,0.552,0.445,0,0,0,0.027,0.106
18/03/2017 15:30,0.868,0.019,6.18,0.063,0.561,0.495,0,0.222,0,0.026,0.092
18/03/2017 16:00,0.865,0.056,6.172,0.069,0.563,1.188,0.006,0.998,0,0.027,0.049
18/03/2017 16:30,0.88,0.034,5.94,0.054,0.549,0.978,0.068,0.432,0,0.026,0.049
18/03/2017 17:00,0.88,0.033,7.012,0.078,0.558,0.97,0.063,0.032,0,0.026,0.079
18/03/2017 17:30,0.853,0.055,6.74,0.044,0.555,0.885,0.072,0.021,0,0.026,0.056
18/03/2017 18:00,0.985,0.018,5.68,0.083,0.55,0.922,0.156,0.24,0,0.027,0.048
18/03/2017 18:30,1.018,0.054,5.9,0.05,0.549,0.893,0.134,0.197,0.001,0.026,0.087
18/03/2017 19:00,1.013,0.036,6.18,0.071,0.569,0.978,0.147,0.191,0,0.026,0.109
18/03/2017 19:30,0.978,0.028,6.22,0.061,0.582,0.883,0.145,0.206,0,0.027,0.085
18/03/2017 20:00,0.973,0.067,6.812,0.059,0.575,1.245,0.14,0.167,0,0.026,0.055
18/03/2017 20:30,0.988,0.097,6.352,0.073,0.576,0.885,0.159,0.203,0,0.026,0.054
18/03/2017 21:00,1.193,0.196,5.92,0.05,0.582,0.89,0.135,0.186,0,0.027,0.078
18/03/2017 21:30,1.097,0.083,6.132,0.081,0.585,0.953,0.152,0.185,0,0.026,0.062
18/03/2017 22:00,1.44,0.084,6.652,0.045,0.564,0.912,0.134,0.178,0,0.026,0.048
18/03/2017 22:30,1.188,0.026,6.612,0.102,0.593,0.9,0.152,0.2,0,0.027,0.072
18/03/2017 23:00,0.99,0.067,6.32,0.09,0.576,0.89,0.161,0.272,0.001,0.026,0.104
18/03/2017 23:30,0.985,0.023,6.552,0.09,0.578,0.912,0.135,0.243,0,0.026,0.105
19/03/2017 0:00,0.98,0.045,6.812,0.073,0.587,0.9,0.15,0.792,0,0.027,0.084
19/03/2017 0:30,0.97,0.044,6.612,0.068,0.576,0.945,0.131,0.197,0,0.027,0.049
19/03/2017 1:00,0.975,0.02,5.52,0.054,0.558,0.875,0.144,0.159,0,0.026,0.049
19/03/2017 1:30,0.99,0.056,5.08,0.081,0.552,0.9,0.14,0.198,0,0.026,0.054
19/03/2017 2:00,0.99,0.029,4.7,0.045,0.561,0.88,0.141,0.615,0.001,0.176,0.079
19/03/2017 2:30,0.978,0.028,5.62,0.08,0.576,0.912,0.155,0.312,0,0.06,0.079
19/03/2017 3:00,0.973,0.052,5.808,0.054,0.567,1.25,0.132,0.197,0,0.074,0.086
19/03/2017 3:30,0.978,0.022,6.62,0.068,0.55,0.938,0.153,0.221,0,0.026,0.079
19/03/2017 4:00,0.93,0.033,6.98,0.063,0.504,0.895,0.14,0.701,0,0.073,0.065
19/03/2017 4:30,1.11,0.051,5.46,0.057,0.578,0.868,0.132,0.174,0,0.027,0.062
19/03/2017 5:00,1.068,0.016,5.46,0.073,0.579,0.878,0.147,0.185,0,0.307,0.076
19/03/2017 5:30,1.06,0.037,5.988,0.044,0.578,0.89,0.128,0.176,0,0.258,0.075
19/03/2017 6:00,1.168,0.048,6.92,0.08,0.578,0.893,0.137,0.174,0,0.026,0.049
19/03/2017 6:30,0.875,0.016,7.792,0.048,0.582,0.885,0.087,0.073,0.001,0.027,0.052
19/03/2017 7:00,0.875,0.045,6.172,0.076,0.581,0.91,0.02,0,0,0.026,0.08
19/03/2017 7:30,0.86,0.054,5.788,0.056,0.582,0.875,0.066,0.003,0,0.088,0.087
19/03/2017 8:00,0.863,0.121,6.732,0.065,0.59,0.948,0,0,0,0.027,0.095
19/03/2017 8:30,0.875,0.079,6.2,0.068,0.585,0.782,0,0,0,0.026,0.075
19/03/2017 9:00,0.878,0.021,5.24,0.052,0.587,0.695,0,0.021,0,0.026,0.065
19/03/2017 9:30,0.868,0.039,6.74,0.076,0.513,0.755,0,0.029,0.001,0.027,0.048
19/03/2017 10:00,0.863,0.049,8.252,0.042,0.43,1.023,0,0,0,0.026,0.049
19/03/2017 10:30,0.865,0.057,7.352,0.08,0.464,0.755,0,0,0,0.026,0.053
19/03/2017 11:00,0.88,0.106,7.012,0.051,0.437,0.71,0,0,0.001,0.027,0.101
19/03/2017 11:30,0.88,0.142,6.792,0.071,0.44,0.718,0,0,0,0.026,0.109
19/03/2017 12:00,0.865,0.167,6.752,0.059,0.426,0.285,0,0,0,0.026,0.1
19/03/2017 12:30,0.865,0.184,6.872,0.063,0.413,0.263,0,0.132,0.001,0.027,0.074
19/03/2017 13:00,0.873,0.068,6.152,0.069,0.408,0.343,0,0,0,0.026,0.074
19/03/2017 13:30,0.88,0.022,6.32,0.051,0.426,0.383,0,0,0,0.027,0.071
19/03/2017 14:00,0.878,0.058,5.68,0.08,0.441,0.355,0,0,0.001,0.026,0.048
19/03/2017 14:30,1.14,0.032,6.052,0.042,0.443,0.388,0,0,0,0.026,0.051
19/03/2017 15:00,0.868,0.042,6.152,0.08,0.441,0.355,0,0,0,0.027,0.081
19/03/2017 15:30,0.878,0.047,5.692,0.054,0.423,0.665,0,0,0.001,0.026,0.082
19/03/2017 16:00,0.88,0.025,5.64,0.101,0.408,0.338,0,0,0,0.027,0.105
19/03/2017 16:30,0.878,0.064,5.272,0.091,0.407,0.318,0,0.374,0,0.026,0.075
19/03/2017 17:00,0.865,0.019,5.152,0.088,0.432,0.37,0,0,0,0.026,0.075
19/03/2017 17:30,0.868,0.05,6.008,0.051,0.421,0.308,0.128,0.033,0,0.027,0.074
19/03/2017 18:00,0.878,0.039,6.572,0.076,0.408,0.308,0.15,0.159,0,0.026,0.074
19/03/2017 18:30,0.975,0.027,6.592,0.057,0.407,0.308,0.183,0.177,0.001,0.027,0.074
19/03/2017 19:00,0.975,0.061,5.432,0.066,0.42,0.328,0.167,0.178,0,0.026,0.107
19/03/2017 19:30,0.978,0.018,5.768,0.068,0.414,0.333,0.176,0.171,0,0.026,0.104
19/03/2017 20:00,0.98,0.046,6.24,0.054,0.408,0.3,0.147,0.414,0,0.027,0.103
19/03/2017 20:30,0.988,0.043,6.652,0.076,0.408,0.308,0.141,0.519,0,0.026,0.088
19/03/2017 21:00,0.993,0.02,6.26,0.045,0.426,0.297,0.155,0.185,0,0.026,0.074
19/03/2017 21:30,0.983,0.057,6.172,0.078,0.441,0.375,0.153,0.191,0,0.027,0.074
19/03/2017 22:00,0.97,0.028,5.848,0.056,0.44,0.505,0.147,0.161,0,0.027,0.074
19/03/2017 22:30,0.978,0.032,6.172,0.066,0.48,0.485,0.128,0.181,0,0.027,0.073
19/03/2017 23:00,1.255,0.055,5.98,0.065,0.462,0.313,0.148,0.775,0.001,0.026,0.087
19/03/2017 23:30,1.065,0.016,5.732,0.056,0.447,0.338,0.147,0.678,0,0.027,0.105
20/03/2017 0:00,1.085,0.043,4.832,0.072,0.444,0.328,0.152,0.191,0,0.027,0.103
20/03/2017 0:30,1.065,0.05,5.46,0.05,0.424,0.345,0.158,0.158,0,0.027,0.091
20/03/2017 1:00,1.085,0.074,5.848,0.076,0.427,0.29,0.126,0.186,0.001,0.027,0.074
20/03/2017 1:30,1.068,0.079,5.46,0.05,0.44,0.362,0.141,0.168,0,0.027,0.073
20/03/2017 2:00,1.075,0.022,5.26,0.072,0.44,0.318,0.138,0.2,0,0.026,0.057
20/03/2017 2:30,1.055,0.066,6.532,0.059,0.44,0.373,0.152,0.221,0,0.074,0.049
20/03/2017 3:00,1.055,0.026,5.808,0.06,0.44,0.308,0.153,0.215,0,0.158,0.058
20/03/2017 3:30,1.005,0.05,6.532,0.069,0.421,0.3,0.14,0.181,0,0.027,0.08
20/03/2017 4:00,0.933,0.038,6.82,0.051,0.407,0.292,0.145,0.191,0,0.087,0.078
20/03/2017 4:30,0.905,0.025,6.212,0.073,0.453,0.305,0.122,0.185,0,0.026,0.076
20/03/2017 5:00,0.873,0.056,5.42,0.045,0.561,0.618,0.141,0.188,0,0.026,0.077
20/03/2017 5:30,0.883,0.021,7.78,0.076,0.564,0.425,0.138,0.17,0.001,0.103,0.075
20/03/2017 6:00,0.878,0.039,11.272,0.051,0.579,1.335,0.131,0.746,0,0.027,0.074
20/03/2017 6:30,0.915,0.219,14.312,0.587,0.579,1.458,0.129,0.138,0,0.027,0.073
20/03/2017 7:00,1.928,0.179,10.548,1.28,1.98,1.538,0.26,0.655,0,0.026,0.081
20/03/2017 7:30,7.025,0.12,12,1.44,4.157,1.568,0.102,0.304,0,0.026,0.104
20/03/2017 8:00,5.958,0.136,12.12,1.611,3.204,1.44,1.271,1.023,0,0.159,0.103
20/03/2017 8:30,6.703,0.079,10.64,1.676,2.673,2.075,2.273,0.737,0.333,0.206,0.131
20/03/2017 9:00,6.18,0.081,11.28,1.49,2.843,2.15,2.372,1.392,1.249,0.722,0.56
20/03/2017 9:30,7.098,0.051,13.52,1.422,2.964,1.752,2.75,1.202,1.262,0.83,0.629
20/03/2017 10:00,11.71,0.091,15.252,1.424,2.912,1.518,2.742,1.373,1.262,0.836,0.694
20/03/2017 10:30,11.14,0.07,16.132,1.335,3.008,1.502,2.537,1.139,1.262,0.834,0.745
20/03/2017 11:00,10.073,0.06,14.14,1.329,3.051,1.68,2.574,1.14,1.246,0.941,0.747
20/03/2017 11:30,7.405,0.089,15.232,1.334,3.006,1.643,2.535,0.813,1.251,0.823,0.778
20/03/2017 12:00,7.245,0.06,14.072,2.154,3.057,1.83,2.646,0.689,1.269,0.995,0.772
20/03/2017 12:30,5.385,0.069,14.84,1.959,2.853,1.78,2.742,1.154,1.241,0.82,0.786
20/03/2017 13:00,6.768,0.088,14.14,2.007,2.82,1.533,2.874,1.492,1.243,0.819,0.713
20/03/2017 13:30,8.723,0.052,13.78,2.1,2.823,1.573,2.685,0.78,1.236,0.806,0.656
20/03/2017 14:00,9.845,0.076,13.12,2.043,2.99,1.663,2.745,0.421,0.058,0.084,0.19
20/03/2017 14:30,11.665,0.084,14.64,1.925,2.879,1.728,2.856,1.122,0,0.027,0.05
20/03/2017 15:00,10.988,0.051,12.44,2.25,2.967,2.098,3.123,1.968,0,0.026,0.064
20/03/2017 15:30,10.36,0.082,12.572,2.059,2.838,2.23,2.639,1.4,0,0.026,0.08
20/03/2017 16:00,0.938,0.083,12.592,2.175,2.843,1.77,1.865,2.738,0,0.026,0.077
20/03/2017 16:30,0.26,0.102,11.9,1.211,2.156,1.335,2.157,2.109,0,0.026,0.074
20/03/2017 17:00,0.245,0.108,11.852,0.279,2.482,1.293,1.551,1.685,0,0.026,0.049
20/03/2017 17:30,0.245,0.07,10.988,0.306,1.928,1.183,1.504,1.613,0,0.027,0.049
20/03/2017 18:00,0.288,0.087,9.572,0.284,1.923,1.16,1.52,2.823,0,0.026,0.049
20/03/2017 18:30,0.508,0.052,9.62,0.291,2.054,1.13,0.528,1.539,0,0.026,0.049
20/03/2017 19:00,0.253,0.096,9.2,0.301,1.955,1.063,0.261,1.413,0,0.027,0.059
20/03/2017 19:30,0.248,0.066,8.692,0.304,1.962,1.073,0.197,1.732,0,0.026,0.081
20/03/2017 20:00,0.258,0.068,9.252,0.312,1.896,0.915,0.141,1.65,0,0.027,0.079
20/03/2017 20:30,0.26,0.092,8.448,0.276,0.687,1.125,0.148,1.242,0,0.026,0.064
20/03/2017 21:00,0.258,0.053,8.54,0.309,0.5,0.787,0.125,1.08,0,0.027,0.05
20/03/2017 21:30,0.242,0.076,8.54,0.275,0.498,0.823,0.224,0.891,0,0.026,0.049
20/03/2017 22:00,0.25,0.082,8.772,0.304,0.526,0.75,0.181,0.285,0,0.027,0.049
20/03/2017 22:30,0.263,0.051,9.36,0.282,0.57,0.723,0.171,0.288,0,0.026,0.049
20/03/2017 23:00,0.258,0.083,9.232,0.303,0.544,0.708,0.171,0.284,0,0.026,0.056
20/03/2017 23:30,0.242,0.076,8.92,0.309,0.556,0.728,0.141,0.279,0,0.027,0.08
21/03/2017 0:00,0.248,0.051,9.352,0.303,0.552,0.69,0.126,0.348,0,0.026,0.078
21/03/2017 0:30,0.263,0.087,8.92,0.317,0.55,0.662,0.14,0.729,0,0.026,0.071
21/03/2017 1:00,0.263,0.072,8.4,0.294,0.55,0.72,0.147,0.27,0,0.027,0.048
21/03/2017 1:30,0.25,0.056,7.66,0.338,0.549,0.74,0.161,0.839,0,0.025,0.049
21/03/2017 2:00,0.515,0.087,7.72,0.336,0.549,0.743,0.132,0.263,0,0.027,0.048
21/03/2017 2:30,0.26,0.065,9.24,0.336,0.544,0.695,0.12,0.281,0,0.109,0.049
21/03/2017 3:00,0.263,0.06,11.352,0.298,0.537,0.642,0.14,0.233,0,0.057,0.048
21/03/2017 3:30,0.248,0.086,13.772,0.298,0.579,0.963,0.141,0.241,0,0.123,0.078
21/03/2017 4:00,0.235,0.06,13.62,0.292,0.69,0.645,0.155,0.135,0,0.026,0.078
21/03/2017 4:30,0.258,0.064,11.64,0.317,0.689,0.655,0.135,0.138,0,0.026,0.076
21/03/2017 5:00,0.25,0.084,15.5,0.282,0.69,0.635,0.126,0.144,0,0.026,0.052
21/03/2017 5:30,0.34,0.058,21.972,0.321,0.69,1.038,0.143,0.129,0,0.217,0.048
21/03/2017 6:00,0.29,0.067,20.42,0.289,0.689,1.363,0.126,0.881,0,0.026,0.048
21/03/2017 6:30,0.258,0.085,21.212,0.909,0.687,1.367,0.117,1.532,0,0.026,0.048
21/03/2017 7:00,2.203,0.053,21.592,1.31,0.689,1.265,0.295,1.163,0,0.027,0.048
21/03/2017 7:30,4.195,0.071,22.08,0.6,1.91,1.298,0.052,0.303,0,0.026,0.065
21/03/2017 8:00,3.105,0.088,23.332,0.446,3.459,1.265,0,0,0,0.026,0.079
21/03/2017 8:30,5.375,0.103,23.632,0.417,3.657,1.625,0.098,0,1.092,0.566,0.208
21/03/2017 9:00,8.405,0.109,22.76,0.456,3.644,1.808,0.534,0,1.255,0.758,0.574
21/03/2017 9:30,9.002,0.066,21.272,0.786,3.474,1.263,0.246,0,1.258,0.675,0.657
21/03/2017 10:00,8.09,0.093,20.6,1.089,3.498,1.04,0.066,0,1.251,0.663,0.67
21/03/2017 10:30,9.78,0.052,20.76,1.127,3.644,1.053,0.002,0,1.249,0.669,0.686
21/03/2017 11:00,9.058,0.087,21.932,1.085,3.657,1.09,0.073,0.003,1.248,0.918,0.719
21/03/2017 11:30,9.55,0.073,22.08,1.113,3.678,1.34,0.002,0,1.256,0.949,0.8
21/03/2017 12:00,8.22,0.06,23.62,1.121,3.566,1.078,0,0,1.644,1.177,1.21
21/03/2017 12:30,4.64,0.095,22.52,1.136,3.581,1.268,1.218,0.003,1.731,1.169,1.463
21/03/2017 13:00,8.258,0.059,21.988,1.073,3.564,1.788,1.772,0,1.703,1.186,1.424
21/03/2017 13:30,10.355,0.075,22.74,0.599,3.498,1.648,1.873,0,1.562,1.057,1.22
21/03/2017 14:00,8.385,0.086,21.3,0.452,3.563,1.475,1.935,0.101,1.27,0.665,0.735
21/03/2017 14:30,7.223,0.053,20.488,0.477,3.647,1.698,1.889,0,1.278,0.667,0.612
21/03/2017 15:00,8.145,0.091,19.5,0.416,3.44,1.148,1.98,0.003,0.028,0.066,0.107
21/03/2017 15:30,7.673,0.069,18.78,0.435,3.375,1.635,2.163,0.036,0,0.026,0.079
21/03/2017 16:00,1.008,0.064,18.64,0.443,3.315,1.193,2.196,0.477,0,0.026,0.079
21/03/2017 16:30,0.325,0.094,19.052,0.357,2.948,0.993,2.208,1.05,0,0.026,0.077
21/03/2017 17:00,0.193,0.055,18.188,0.294,2.458,0.705,2.271,0.324,0,0.027,0.07
21/03/2017 17:30,0.128,0.08,15.708,0.158,0.837,0.348,2.594,0.465,0,0.026,0.049
21/03/2017 18:00,0.155,0.081,15.04,0.073,0.495,0.373,2.514,1.275,0,0.026,0.049
21/03/2017 18:30,0.218,0.052,16,0.044,0.477,0.357,2.224,2.487,0,0.026,0.05
21/03/2017 19:00,0.225,0.093,16.992,0.101,0.477,0.365,1.287,0.836,0,0.027,0.049
21/03/2017 19:30,0.238,0.069,16.52,0.084,0.476,0.32,0.153,1.32,0,0.026,0.059
21/03/2017 20:00,0.23,0.063,15.28,0.09,0.483,0.38,0.159,0.746,0,0.027,0.081
21/03/2017 20:30,0.218,0.091,14.192,0.068,0.507,0.32,0.191,1.044,0,0.026,0.079
21/03/2017 21:00,0.218,0.057,14.292,0.071,0.509,0.378,0.171,1.175,0,0.026,0.076
21/03/2017 21:30,0.23,0.073,15.02,0.051,0.503,0.408,0.174,0.393,0.001,0.027,0.053
21/03/2017 22:00,0.233,0.087,13.712,0.081,0.486,0.51,0.152,0.848,0,0.026,0.049
21/03/2017 22:30,0.233,0.051,12.14,0.045,0.523,0.743,0.156,1.385,0,0.026,0.048
21/03/2017 23:00,0.215,0.08,12.24,0.073,0.531,0.527,0.176,0.251,0,0.026,0.048
21/03/2017 23:30,0.215,0.083,12.232,0.057,0.512,0.41,0.17,0.201,0,0.027,0.048
22/03/2017 0:00,0.228,0.104,12.76,0.06,0.489,0.48,0.18,0.21,0,0.026,0.074
22/03/2017 0:30,0.233,0.11,12.8,0.069,0.501,0.393,0.165,0.215,0,0.027,0.079
22/03/2017 1:00,0.5,0.074,11.412,0.051,0.487,0.415,0.156,0.213,0.001,0.026,0.077
22/03/2017 1:30,0.215,0.087,12.032,0.08,0.498,0.385,0.174,0.21,0,0.026,0.062
22/03/2017 2:00,0.215,0.054,11.712,0.039,0.477,0.433,0.159,0.197,0,0.026,0.048
22/03/2017 2:30,0.23,0.095,11.7,0.076,0.484,0.375,0.177,0.197,0,0.178,0.049
22/03/2017 3:00,0.23,0.063,12.692,0.052,0.507,0.417,0.158,0.201,0,0.068,0.048
22/03/2017 3:30,0.22,0.07,12.392,0.066,0.581,0.408,0.165,0.208,0,0.153,0.048
22/03/2017 4:00,0.11,0.088,16.7,0.063,0.648,0.422,0.183,0.189,0,0.113,0.059
22/03/2017 4:30,0.11,0.051,17.372,0.054,0.638,0.417,0.159,0.204,0,0.211,0.079
22/03/2017 5:00,0.185,0.08,17.24,0.072,0.615,0.403,0.17,0.203,0,0.111,0.077
22/03/2017 5:30,0.15,0.078,17.572,0.047,0.627,0.968,0.148,0.194,0,0.258,0.07
22/03/2017 6:00,0.15,0.05,18.66,0.076,0.645,1.105,0.161,0.756,0,0.225,0.048
22/03/2017 6:30,0.115,0.1,18.28,0.765,0.645,1.123,0.168,0.351,0,0.111,0.047
22/03/2017 7:00,1.735,0.107,18.832,1.29,1.26,1.508,0.171,0.772,0.173,0.147,0.048
22/03/2017 7:30,4.298,0.073,18.98,1.32,3.269,1.823,0.126,0.904,0.322,0.216,0.105
22/03/2017 8:00,3.843,0.09,22.852,1.161,2.855,1.748,0.005,0,0,0.027,0.048
22/03/2017 8:30,8.613,0.071,22.26,0.47,3.09,2.263,0,0,0.94,0.477,0.275
22/03/2017 9:00,12.155,0.091,21.92,0.507,3.23,1.588,0.026,0,1.263,0.795,0.751
22/03/2017 9:30,9.787,0.059,21.92,0.561,3.119,1.617,0.032,0,1.357,0.857,0.71
22/03/2017 10:00,10.488,0.102,20.64,0.575,3.126,1.745,0,0,1.691,1.202,1.287
22/03/2017 10:30,9.305,0.053,23.28,0.699,3.207,2.087,0,0,1.673,1.187,1.253
22/03/2017 11:00,7.36,0.092,20.008,0.593,3.458,2.325,0,0,1.681,1.186,1.204
22/03/2017 11:30,5.785,0.07,20.38,0.563,3.459,2.035,0.002,0,1.682,1.254,1.274
22/03/2017 12:00,6.898,0.07,20.88,1.034,3.335,2.595,0,0,1.684,1.257,1.232
22/03/2017 12:30,4.048,0.091,20.552,0.969,3.351,1.945,0,0,1.711,1.275,1.428
22/03/2017 13:00,7.163,0.053,21.5,1.028,3.375,2.105,0.002,0,1.461,0.977,1.014
22/03/2017 13:30,10.14,0.103,20.28,0.925,3.311,1.535,0,0,1.272,0.758,0.704
22/03/2017 14:00,10.953,0.115,21.46,0.582,3.371,2.25,0.793,0,1.272,0.667,0.614
22/03/2017 14:30,11.797,0.109,20.448,0.08,3.389,1.752,1.926,0,0.576,0.343,0.355
22/03/2017 15:00,11.047,0.095,19.672,0.061,3.384,1.475,1.536,0,0,0.026,0.048
22/03/2017 15:30,7.83,0.193,19.292,0.081,3.313,1.65,2.023,0.037,0,0.026,0.048
22/03/2017 16:00,0.34,0.123,16.3,0.93,3.551,1.347,2.043,0.928,0,0.027,0.06
22/03/2017 16:30,0.233,0.228,16.532,1.299,3.325,0.782,2.241,1.763,0,0.026,0.08
22/03/2017 17:00,0.233,0.141,15.988,1.154,2.597,0.667,2.175,0.553,0,0.026,0.077
22/03/2017 17:30,0.225,0.123,16.252,0.282,1.744,0.635,2.256,0.67,0,0.026,0.076
22/03/2017 18:00,0.218,0.262,15.948,0.284,0.642,0.5,0.311,1.374,0,0.027,0.062
22/03/2017 18:30,0.225,0.12,16.612,0.298,0.497,0.503,0.387,0.897,0,0.026,0.049
22/03/2017 19:00,0.238,0.069,15.528,0.275,0.481,0.515,0.392,1.506,0,0.027,0.048
22/03/2017 19:30,0.238,0.12,15.312,0.292,0.476,0.498,0.407,2.094,0.001,0.026,0.049
22/03/2017 20:00,0.218,0.069,14.52,0.288,0.48,0.818,0.161,0.799,0,0.027,0.048
22/03/2017 20:30,0.218,0.12,13.9,0.275,0.48,0.532,0.132,0.792,0,0.026,0.068
22/03/2017 21:00,0.235,0.059,13.74,0.298,0.484,0.547,0.168,0.802,0,0.026,0.079
22/03/2017 21:30,0.233,0.067,14.232,0.282,0.47,0.43,0.173,0.769,0,0.027,0.078
22/03/2017 22:00,0.23,0.053,15.06,0.272,0.459,0.508,0.141,0.846,0,0.026,0.076
22/03/2017 22:30,0.22,0.044,14.6,0.291,0.51,0.448,0.148,0.543,0,0.027,0.05
22/03/2017 23:00,0.487,0.073,13.832,0.26,0.483,0.522,0.123,0.186,0,0.026,0.048
22/03/2017 23:30,0.23,0.032,12.88,0.287,0.49,0.463,0.159,0.224,0,0.026,0.049
23/03/2017 0:00,0.238,0.063,13.368,0.281,0.473,0.463,0.167,0.777,0,0.026,0.048
23/03/2017 0:30,0.228,0.056,13.52,0.258,0.449,0.455,0.145,0.181,0,0.027,0.049
23/03/2017 1:00,0.22,0.036,12.86,0.292,0.45,0.475,0.161,0.208,0,0.026,0.075
23/03/2017 1:30,0.218,0.077,12.52,0.267,0.458,0.463,0.122,0.171,0,0.027,0.078
23/03/2017 2:00,0.23,0.092,13.12,0.278,0.481,0.465,0.152,0.173,0,0.105,0.077
23/03/2017 2:30,0.228,0.085,13.92,0.282,0.479,0.42,0.155,0.181,0,0.059,0.058
23/03/2017 3:00,0.22,0.033,14.112,0.246,0.587,0.748,0.135,0.144,0,0.027,0.048
23/03/2017 3:30,0.215,0.084,15.08,0.276,0.588,0.433,0.148,0.159,0,0.146,0.048
23/03/2017 4:00,0.223,0.033,16.712,0.261,0.587,0.45,0.131,0.189,0,0.026,0.048
23/03/2017 4:30,0.23,0.062,16.692,0.269,0.593,0.425,0.155,0.725,0,0.026,0.048
23/03/2017 5:00,0.292,0.189,17.372,0.279,0.597,0.413,0.15,0.227,0,0.026,0.062
23/03/2017 5:30,0.258,0.128,20.832,0.249,0.6,0.818,0.153,0.167,0,0.026,0.079
23/03/2017 6:00,0.255,0.073,17.08,0.273,0.608,1.475,0.15,0.35,0,0.026,0.077
23/03/2017 6:30,0.188,0.075,20.048,0.966,1.76,1.613,0.099,0.162,0,0.026,0.06
23/03/2017 7:00,1.85,0.031,18.268,1.251,1.799,1.86,0.037,0.576,0,0.026,0.048
23/03/2017 7:30,3.88,0.037,20.2,1.257,2.594,1.865,0,0.14,0,0.026,0.047
23/03/2017 8:00,8.353,0.052,21.292,0.778,3.282,1.788,0,0.003,0,0.026,0.048
23/03/2017 8:30,11.717,0.018,22.612,0.684,3.501,1.75,0.003,0.029,0.514,0.278,0.127
23/03/2017 9:00,11.07,0.056,21.812,1.133,3.353,2.35,0.32,0.177,1.252,0.821,0.746
23/03/2017 9:30,7.523,0.034,23.332,1.11,2.991,1.873,0.78,0.099,1.253,1.075,0.822
23/03/2017 10:00,7.895,0.03,19.892,0.765,3.136,1.813,1.476,0,1.251,0.96,0.755
23/03/2017 10:30,8.445,0.058,21.452,0.778,3.165,1.85,1.115,0,1.26,1.02,0.789
23/03/2017 11:00,9.525,0.018,18.852,1.037,3.103,1.948,0.003,0,1.262,0.964,0.66
23/03/2017 11:30,10.99,0.049,19.812,1.139,3.435,2.023,0,0,1.263,0.967,0.694
23/03/2017 12:00,11.628,0.041,17.692,1.125,3.394,2.408,0,0,1.248,0.963,0.781
23/03/2017 12:30,8.78,0.026,18.88,0.673,3.381,1.843,0,0,1.259,0.977,0.723
23/03/2017 13:00,8.23,0.063,18.348,0.281,3.303,1.775,0.105,0.006,1.253,0.93,0.739
23/03/2017 13:30,5.548,0.019,17.792,0.279,3.081,2.283,0.834,0.35,0.92,0.688,0.631
23/03/2017 14:00,6.245,0.053,15.46,0.275,3.152,2.148,0.98,1.05,0,0.027,0.081
23/03/2017 14:30,7.19,0.037,18.128,0.291,3.248,2.11,0.96,1.32,0,0.026,0.076
23/03/2017 15:00,11.278,0.03,15.98,0.258,3.072,1.663,3.454,2.148,0,0.027,0.056
23/03/2017 15:30,8.995,0.066,17.712,0.294,3.176,1.715,2.684,1.842,0,0.026,0.048
23/03/2017 16:00,0.427,0.065,16.3,0.279,2.952,1.263,2.556,1.845,0,0.027,0.048
23/03/2017 16:30,0.16,0.074,15.7,0.258,2.783,1.105,2.433,2.002,0,0.026,0.049
23/03/2017 17:00,0.435,0.126,15.132,0.248,2.728,0.922,2.385,1.133,0,0.027,0.048
23/03/2017 17:30,0.14,0.065,15.628,0.261,1.851,0.718,1.706,1.325,0,0.027,0.074
23/03/2017 18:00,0.185,0.166,16.36,0.279,0.538,0.843,0.243,2.453,0,0.027,0.08
23/03/2017 18:30,0.265,0.081,15.648,0.251,0.555,0.515,0.231,0.728,0,0.027,0.077
23/03/2017 19:00,0.263,0.1,13.92,0.284,0.561,0.57,0.236,0.672,0,0.027,0.064
23/03/2017 19:30,0.258,0.104,14.28,0.252,0.564,0.505,0.291,0.728,0,0.027,0.049
23/03/2017 20:00,0.248,0.06,13.46,0.279,0.558,0.552,0.144,0.675,0,0.026,0.049
23/03/2017 20:30,0.25,0.08,12.808,0.257,0.56,0.438,0.144,0.614,0,0.027,0.048
23/03/2017 21:00,0.263,0.065,12.392,0.27,0.561,0.352,0.132,0.638,0,0.027,0.049
23/03/2017 21:30,0.258,0.026,13.168,0.269,0.543,0.323,0.131,0.487,0,0.027,0.068
23/03/2017 22:00,0.242,0.055,12.672,0.249,0.528,0.343,0.162,0.427,0,0.026,0.079
23/03/2017 22:30,0.24,0.024,11.4,0.275,0.587,0.335,0.143,0.426,0,0.027,0.077
23/03/2017 23:00,0.242,0.033,10.2,0.248,0.584,0.343,0.143,0.971,0,0.027,0.055
23/03/2017 23:30,0.248,0.052,9.532,0.282,0.569,0.355,0.129,1.451,0,0.026,0.048
24/03/2017 0:00,0.248,0.015,9.532,0.255,0.555,0.345,0.122,0.599,0,0.027,0.049
24/03/2017 0:30,0.498,0.043,10.848,0.297,0.547,0.613,0.148,0.525,0,0.027,0.049
24/03/2017 1:00,0.223,0.042,9.708,0.287,0.543,0.36,0.135,0.471,0,0.128,0.049
24/03/2017 1:30,0.238,0.014,8.42,0.281,0.544,0.308,0.145,0.213,0,0.059,0.064
24/03/2017 2:00,0.238,0.05,8.448,0.246,0.541,0.348,0.131,0.366,0,0.026,0.079
24/03/2017 2:30,0.23,0.036,11.672,0.281,0.564,0.297,0.132,0.643,0,0.026,0.077
24/03/2017 3:00,0.22,0.018,8.8,0.245,0.578,0.328,0.152,0.279,0,0.164,0.063
24/03/2017 3:30,0.22,0.049,12.94,0.273,0.556,0.283,0.137,0.236,0,0.026,0.049
24/03/2017 4:00,0.123,0.031,16.652,0.254,0.555,0.355,0.138,0.225,0,0.124,0.048
24/03/2017 4:30,0.123,0.021,16.512,0.263,0.558,0.285,0.128,0.222,0,0.166,0.048
24/03/2017 5:00,0.19,0.048,16.652,0.249,0.555,0.33,0.126,0.215,0,0.054,0.048
24/03/2017 5:30,0.155,0.218,17.76,0.241,0.553,0.278,0.145,0.743,0.839,0.48,0.118
24/03/2017 6:00,0.155,0.079,16.16,0.267,0.541,0.638,0.129,0.215,1.285,0.944,0.228
24/03/2017 6:30,0.118,0.103,15.06,0.774,1.577,1.252,0.063,0.087,0.076,0.152,0.113
24/03/2017 7:00,3.067,0.092,14.24,1.257,1.815,2.283,0.036,0.468,0,0.026,0.065
24/03/2017 7:30,9.133,0.077,15.04,0.894,1.787,1.918,0,0.35,0,0.026,0.048
24/03/2017 8:00,10.465,0.074,17.6,0.276,2.936,2.083,0,0,0.495,0.252,0.078
24/03/2017 8:30,10.258,0.072,18.52,0.608,2.949,2.043,0,0.018,1.022,0.54,0.192
24/03/2017 9:00,10.842,0.071,19.452,1.265,2.781,1.69,0,0,1.261,0.719,0.675
24/03/2017 9:30,5.623,0.071,21.88,1.32,2.591,1.583,0,0.096,1.259,0.745,0.685
24/03/2017 10:00,9.373,0.07,24.38,1.482,2.853,2.105,0,0.381,1.242,0.751,0.731
24/03/2017 10:30,5.763,0.07,20.62,1.566,2.933,2.228,0.132,0.095,1.262,0.842,0.661
24/03/2017 11:00,4.423,0.069,20.28,1.48,3.21,2.04,0.827,0.185,1.259,0.84,0.68
24/03/2017 11:30,4.135,0.069,17.792,1.928,3.083,1.765,1.466,0.189,1.249,0.782,0.706
24/03/2017 12:00,4.803,0.064,20.46,1.47,3.144,1.617,1.016,0.042,1.241,0.809,0.701
24/03/2017 12:30,3.81,0.025,18.94,0.951,2.457,1.345,1.744,0.329,1.262,0.82,0.72
24/03/2017 13:00,4.737,0.063,19.34,0.81,2.853,1.555,1.359,0.389,1.265,0.822,0.742
24/03/2017 13:30,5.648,0.03,19.152,0.443,2.551,1.873,1.512,0,1.261,0.792,0.654
24/03/2017 14:00,4.94,0.052,17.26,0.332,2.904,1.735,1.737,0.185,1.268,0.761,0.613
24/03/2017 14:30,10.283,0.04,15.568,0.263,2.861,1.295,1.593,0.468,1.22,0.741,0.589
24/03/2017 15:00,6.862,0.039,14.92,0.264,3.05,1.093,1.947,1.022,0,0.032,0.13
24/03/2017 15:30,4.845,0.054,10.448,0.273,2.984,1.19,2.025,1.131,0,0.026,0.061
24/03/2017 16:00,0.435,0.021,9.14,0.258,2.793,0.99,1.914,1.674,0,0.026,0.049
24/03/2017 16:30,0.118,0.074,8.5,0.276,2.865,0.782,1.914,1.809,0,0.027,0.048
24/03/2017 17:00,0.1,0.069,9.728,0.248,2.013,0.613,1.272,1.724,0,0.026,0.049
24/03/2017 17:30,0.11,0.107,10.46,0.424,1.752,0.618,0.695,0.854,0,0.026,0.05
24/03/2017 18:00,0.163,0.157,10.628,1.251,1.766,0.792,0.11,1.559,0,0.027,0.081
24/03/2017 18:30,0.22,0.126,8.7,0.252,1.478,0.438,0.143,1.085,0,0.026,0.078
24/03/2017 19:00,0.203,0.261,8.572,0.051,0.438,0.485,0.132,0.558,0,0.026,0.075
24/03/2017 19:30,0.22,0.374,9.4,0.081,0.44,0.37,0.155,0.514,0,0.027,0.049
24/03/2017 20:00,0.228,0.158,9.432,0.056,0.427,0.393,0.126,0.646,0,0.026,0.049
24/03/2017 20:30,0.218,0.141,9.532,0.065,0.387,0.4,0.135,1.256,0,0.026,0.049
24/03/2017 21:00,0.208,0.076,8.64,0.069,0.389,0.373,0.156,0.416,0,0.027,0.048
24/03/2017 21:30,0.225,0.072,8.44,0.047,0.384,0.362,0.138,0.437,0.001,0.026,0.056
24/03/2017 22:00,0.39,0.072,8.78,0.078,0.36,0.408,0.128,0.462,0,0.027,0.081
24/03/2017 22:30,0.323,0.025,9.032,0.052,0.369,0.36,0.135,0.413,0,0.027,0.078
24/03/2017 23:00,0.21,0.075,8.612,0.066,0.366,0.41,0.131,0.913,0,0.026,0.069
24/03/2017 23:30,0.228,0.027,9.452,0.066,0.357,0.38,0.148,0.434,0,0.027,0.049
25/03/2017 0:00,0.23,0.074,9.012,0.052,0.366,0.323,0.128,0.474,0,0.027,0.049
25/03/2017 0:30,0.212,0.026,9.3,0.078,0.361,0.422,0.129,0.352,0,0.027,0.049
25/03/2017 1:00,0.208,0.065,8.6,0.05,0.355,0.65,0.155,0.392,0.001,0.026,0.049
25/03/2017 1:30,0.22,0.033,8.292,0.068,0.374,0.37,0.137,0.345,0,0.125,0.049
25/03/2017 2:00,0.228,0.042,8.232,0.063,0.389,0.352,0.147,0.354,0,0.027,0.081
25/03/2017 2:30,0.212,0.056,9.812,0.057,0.531,0.375,0.128,0.845,0,0.141,0.078
25/03/2017 3:00,0.208,0.021,8.2,0.075,0.56,0.33,0.128,0.354,0,0.026,0.069
25/03/2017 3:30,0.228,0.071,8.1,0.042,0.581,0.362,0.147,0.893,0,0.026,0.048
25/03/2017 4:00,0.118,0.08,8.532,0.076,0.564,0.373,0.126,0.332,0,0.026,0.049
25/03/2017 4:30,0.098,0.074,8.212,0.054,0.567,0.297,0.125,0.348,0,0.026,0.049
25/03/2017 5:00,0.108,0.02,7.952,0.065,0.599,0.39,0.141,0.726,0,0.065,0.049
25/03/2017 5:30,0.393,0.062,7.72,0.068,0.593,0.365,0.135,0.241,0,0.027,0.049
25/03/2017 6:00,0.113,0.031,7.82,0.051,0.591,0.305,0.148,0.252,0.001,0.026,0.075
25/03/2017 6:30,0.095,0.034,8.172,0.073,0.587,0.335,0.099,0.188,0,0.026,0.078
25/03/2017 7:00,0.11,0.056,7.7,0.05,0.587,0.458,0.003,0.003,0,0.026,0.071
25/03/2017 7:30,0.188,0.291,7.96,0.071,0.588,1.018,0.007,0,0,0.026,0.048
25/03/2017 8:00,0.147,0.251,7.712,0.06,0.585,1.03,0,0,0,0.026,0.049
25/03/2017 8:30,0.145,0.062,8.152,0.057,0.584,0.978,0,0,0,0.026,0.048
25/03/2017 9:00,0.105,0.099,8.692,0.073,0.593,0.618,0,0,0,0.027,0.049
25/03/2017 9:30,0.113,0.066,8.328,0.044,0.591,0.545,0,0,0.001,0.026,0.049
25/03/2017 10:00,0.12,0.07,10,0.078,0.59,1.035,0,0,0,0.027,0.071
25/03/2017 10:30,0.123,0.21,10.02,0.048,0.585,0.688,0,0.002,0,0.321,0.081
25/03/2017 11:00,0.1,0.11,11.12,0.071,0.563,0.652,0,0,0,0.026,0.08
25/03/2017 11:30,0.105,0.098,8.952,0.072,0.587,0.628,0,0.003,0.001,0.027,0.052
25/03/2017 12:00,0.115,0.093,8.1,0.098,0.587,0.595,0,0,0,0.026,0.049
25/03/2017 12:30,0.12,0.318,8.28,0.09,0.57,0.455,0,0,0,0.027,0.048
25/03/2017 13:00,0.193,0.132,8.328,0.081,0.569,0.515,0,0.288,0.001,0.026,0.053
25/03/2017 13:30,0.29,0.082,7.86,0.061,0.587,0.495,0,0,0,0.026,0.051
25/03/2017 14:00,0.118,0.126,7.292,0.061,0.573,0.393,0,0,0,0.027,0.065
25/03/2017 14:30,0.12,0.077,7.992,0.075,0.56,0.37,0,0.035,0,0.026,0.08
25/03/2017 15:00,0.118,0.115,8.56,0.048,0.582,0.405,0,0.111,0.001,0.027,0.078
25/03/2017 15:30,0.105,0.108,9.332,0.073,0.579,0.68,0,0.336,0,0.026,0.068
25/03/2017 16:00,0.108,0.087,9.628,0.06,0.579,0.323,0.002,0.066,0,0.026,0.049
25/03/2017 16:30,0.123,0.214,8.64,0.06,0.575,0.375,0.018,0.398,0,0.027,0.049
25/03/2017 17:00,0.12,0.121,7.632,0.072,0.596,0.37,0.006,0.617,0,0.026,0.049
25/03/2017 17:30,0.108,0.153,10.7,0.047,0.581,0.385,0.048,0.345,0,0.027,0.049
25/03/2017 18:00,0.15,0.235,9.892,0.075,0.558,0.333,0.123,0.578,0.001,0.026,0.049
25/03/2017 18:30,0.223,0.539,8.56,0.06,0.546,0.365,0.147,0.584,0,0.026,0.079
25/03/2017 19:00,0.228,0.159,7.752,0.063,0.547,0.367,0.155,0.549,0,0.027,0.079
25/03/2017 19:30,0.228,0.227,7.432,0.071,0.561,0.438,0.129,1.394,0,0.026,0.075
25/03/2017 20:00,0.218,0.295,7.572,0.048,0.569,0.352,0.147,0.775,0,0.026,0.049
25/03/2017 20:30,0.215,0.158,7.532,0.08,0.558,0.405,0.134,0.345,0,0.027,0.049
25/03/2017 21:00,0.23,0.162,7.992,0.05,0.544,0.35,0.131,0.336,0,0.026,0.049
25/03/2017 21:30,0.498,0.143,8.08,0.069,0.546,0.383,0.145,0.348,0,0.026,0.049
25/03/2017 22:00,0.22,0.019,8.32,0.063,0.544,0.34,0.137,0.626,0,0.026,0.049
25/03/2017 22:30,0.215,0.066,9.392,0.056,0.547,0.672,0.156,0.606,0,0.026,0.071
25/03/2017 23:00,0.225,0.021,7.68,0.075,0.556,0.345,0.141,0.287,0.001,0.027,0.08
25/03/2017 23:30,0.228,0.043,9.92,0.051,0.555,0.388,0.134,0.266,0,0.026,0.077
26/03/2017 0:00,0.22,0.044,9.18,0.072,0.556,0.35,0.137,0.285,0,0.026,0.058
26/03/2017 0:30,0.21,0.016,6.572,0.06,0.572,0.38,0.129,0.213,0,0.026,0.049
26/03/2017 1:00,0.215,0.054,6.232,0.057,0.563,0.323,0.143,0.173,0.001,0.027,0.049
26/03/2017 1:30,0.23,0.031,8.272,0.075,0.576,0.422,0.137,0.173,0,0.026,0.049
26/03/2017 2:00,0.23,0.026,7.44,0.045,0.564,0.362,0.12,0.152,0,0.026,0.05
26/03/2017 2:30,0.215,0.053,7.18,0.078,0.544,0.345,0.152,0.162,0,0.213,0.056
26/03/2017 3:00,0.215,0.022,7.332,0.05,0.544,0.362,0.138,0.661,0,0.09,0.082
26/03/2017 3:30,0.225,0.032,7.872,0.071,0.546,0.355,0.145,0.144,0,0.026,0.078
26/03/2017 4:00,0.12,0.05,7.92,0.063,0.54,0.365,0.135,0.162,0,0.07,0.063
26/03/2017 4:30,0.103,0.016,6.852,0.054,0.541,0.31,0.128,0.194,0,0.026,0.048
26/03/2017 5:00,0.37,0.036,7.36,0.075,0.596,0.703,0.148,0.162,0,0.026,0.048
26/03/2017 5:30,0.118,0.047,7.352,0.052,0.555,0.36,0.129,0.192,0,0.042,0.05
26/03/2017 6:00,0.118,0.014,7.572,0.095,0.55,0.378,0.131,0.165,0.001,0.026,0.049
26/03/2017 6:30,0.11,0.036,6.792,0.093,0.573,0.343,0.076,0.076,0,0.207,0.049
26/03/2017 7:00,0.098,0.045,6.432,0.078,0.534,0.34,0,0.014,0,0.026,0.076
26/03/2017 7:30,0.113,0.242,7.332,0.065,0.579,0.375,0,0.159,0,0.027,0.079
26/03/2017 8:00,0.12,0.206,7.32,0.059,0.455,0.36,0,0.02,0,0.026,0.069
26/03/2017 8:30,0.115,0.312,7.168,0.073,0.418,0.352,0,0.276,0.001,0.026,0.048
26/03/2017 9:00,0.098,0.205,7.752,0.045,0.42,0.385,0,0.23,0,0.027,0.049
26/03/2017 9:30,0.11,0.166,8.292,0.078,0.444,0.385,0,0,0,0.026,0.048
26/03/2017 10:00,0.12,0.133,8.532,0.052,0.437,0.415,0,0,0.001,0.026,0.049
26/03/2017 10:30,0.118,0.081,8.348,0.066,0.437,0.375,0,0,0,0.027,0.049
26/03/2017 11:00,0.105,0.137,8.132,0.065,0.42,0.357,0,0,0,0.026,0.072
26/03/2017 11:30,0.108,0.087,9.18,0.057,0.405,0.325,0,0,0.001,0.026,0.084
26/03/2017 12:00,0.123,0.214,9.292,0.075,0.427,0.705,0,0,0,0.027,0.076
26/03/2017 12:30,0.393,0.179,8.912,0.048,0.407,0.345,0,0,0,0.026,0.052
26/03/2017 13:00,0.103,0.063,8.348,0.072,0.414,0.38,0,0,0.001,0.027,0.049
26/03/2017 13:30,0.103,0.029,8.14,0.061,0.418,0.32,0,0,0,0.026,0.051
26/03/2017 14:00,0.18,0.046,8.052,0.096,0.407,0.367,0,0,0.001,0.027,0.053
26/03/2017 14:30,0.143,0.042,8.312,0.176,0.402,0.39,0,0.306,0,0.027,0.108
26/03/2017 15:00,0.15,0.028,8.488,0.084,0.402,0.34,0,0,0.05,0.075,0.223
26/03/2017 15:30,0.113,0.06,9.052,0.105,0.413,0.36,0,0,0.001,0.027,0.08
26/03/2017 16:00,0.13,0.016,8.932,0.08,0.407,0.338,0,0,0,0.026,0.077
26/03/2017 16:30,0.123,0.053,8.3,0.091,0.413,0.378,0,0.014,0,0.027,0.07
26/03/2017 17:00,0.115,0.035,7.692,0.095,0.452,0.367,0.009,0.27,0,0.026,0.049
26/03/2017 17:30,0.108,0.032,8.64,0.078,0.413,0.352,0.104,1.634,0,0.026,0.05
26/03/2017 18:00,0.155,0.056,8.632,0.105,0.41,0.357,0.125,0.632,0,0.027,0.049
26/03/2017 18:30,0.233,0.016,8.952,0.08,0.407,0.383,0.132,0.621,0,0.026,0.049
26/03/2017 19:00,0.233,0.051,9.7,0.095,0.404,0.44,0.152,0.643,0.001,0.027,0.049
26/03/2017 19:30,0.22,0.038,8.7,0.091,0.416,0.603,0.147,0.696,0,0.026,0.079
26/03/2017 20:00,0.215,0.022,8.052,0.076,0.407,0.35,0.155,0.537,0,0.027,0.078
26/03/2017 20:30,0.225,0.056,7.472,0.088,0.414,0.378,0.14,1.211,0,0.026,0.077
26/03/2017 21:00,0.5,0.025,7.632,0.056,0.418,0.393,0.132,0.357,0.001,0.026,0.056
26/03/2017 21:30,0.23,0.033,8.66,0.101,0.407,0.435,0.152,0.194,0,0.027,0.049
26/03/2017 22:00,0.218,0.061,8.652,0.065,0.404,0.433,0.137,0.185,0,0.026,0.049
26/03/2017 22:30,0.215,0.065,7.332,0.073,0.402,0.413,0.152,0.207,0,0.026,0.049
26/03/2017 23:00,0.23,0.073,7.108,0.08,0.402,0.325,0.134,0.168,0,0.027,0.049
26/03/2017 23:30,0.233,0.042,8.48,0.114,0.402,0.395,0.141,0.168,0.001,0.026,0.063
27/03/2017 0:00,0.225,0.046,8.652,0.105,0.404,0.383,0.155,0.168,0,0.027,0.08
27/03/2017 0:30,0.212,0.026,7.392,0.093,0.401,0.36,0.138,0.152,0,0.026,0.078
27/03/2017 1:00,0.218,0.061,7.82,0.071,0.416,0.362,0.138,0.167,0,0.027,0.068
27/03/2017 1:30,0.228,0.017,7.932,0.09,0.434,0.373,0.128,0.165,0.001,0.026,0.049
27/03/2017 2:00,0.23,0.045,6.892,0.099,0.435,0.68,0.135,0.132,0,0.026,0.049
27/03/2017 2:30,0.215,0.042,7.46,0.071,0.418,0.367,0.145,0.189,0,0.123,0.049
27/03/2017 3:00,0.21,0.018,7.392,0.086,0.401,0.36,0.129,0.645,0,0.262,0.049
27/03/2017 3:30,0.228,0.055,10.92,0.065,0.49,0.365,0.143,0.272,0,0.183,0.048
27/03/2017 4:00,0.12,0.029,19.192,0.073,0.541,0.37,0.137,0.21,0,0.112,0.078
27/03/2017 4:30,0.242,0.027,18.48,0.078,0.552,0.333,0.141,0.716,0,0.112,0.079
27/03/2017 5:00,0.242,0.052,18.532,0.059,0.587,0.383,0.148,0.263,0,0.167,0.075
27/03/2017 5:30,0.108,0.021,16.88,0.084,0.552,0.292,0.128,0.227,0,0.112,0.049
27/03/2017 6:00,0.12,0.034,16.252,0.061,0.546,0.883,0.143,0.231,0.001,0.325,0.048
27/03/2017 6:30,0.12,0.05,16.12,0.08,0.56,1.215,0.098,0.845,0,0.067,0.049
27/03/2017 7:00,1.42,0.015,13.82,0.663,0.576,1.02,0.003,0.17,0,0.026,0.048
27/03/2017 7:30,3.232,0.04,11.732,1.073,2.157,1.14,0,0.006,0,0.026,0.049
27/03/2017 8:00,5.228,0.045,11.72,2.211,3.414,1.038,0,0.011,0,0.026,0.067
27/03/2017 8:30,4.982,0.014,11.772,2.22,3.927,1.063,0,0.09,0.501,0.252,0.152
27/03/2017 9:00,8.515,0.045,11.712,2.67,3.657,1.502,0,0.011,1.272,0.809,0.775
27/03/2017 9:30,6.697,0.041,12.3,1.989,3.623,1.54,0,0.044,1.275,0.826,0.707
27/03/2017 10:00,8.57,0.014,11.2,2.384,3.822,1.635,0,0.022,1.271,1.003,0.702
27/03/2017 10:30,7.845,0.05,13.3,2.527,3.954,1.533,0,0,1.272,0.818,0.691
27/03/2017 11:00,6.652,0.037,12.152,2.365,3.636,1.498,0.08,0.258,1.261,0.814,0.688
27/03/2017 11:30,7.71,0.019,13.228,2.25,3.723,1.627,0.263,0.336,1.26,0.815,0.688
27/03/2017 12:00,7.958,0.052,11.36,2.339,3.605,1.795,1.125,0.506,1.253,0.818,0.735
27/03/2017 12:30,3.2,0.21,12.572,2.192,3.693,1.617,0.876,0.119,1.257,0.819,0.733
27/03/2017 13:00,8.39,0.222,12.612,2.309,3.69,1.53,0.335,0.072,1.254,0.818,0.749
27/03/2017 13:30,8.775,0.128,11.36,2.381,3.563,1.568,0.5,0.423,1.257,0.788,0.725
27/03/2017 14:00,8.155,0.121,11.36,1.824,3.344,1.795,2.349,0.054,0.303,0.205,0.194
27/03/2017 14:30,10.715,0.075,14.3,1.781,2.93,1.405,2.255,0,0,0.026,0.054
27/03/2017 15:00,9.238,0.072,13.5,1.832,2.976,1.183,2.74,0.35,0,0.026,0.049
27/03/2017 15:30,4.51,0.071,12.24,1.863,3.041,1.175,3.105,0.083,0,0.027,0.049
27/03/2017 16:00,0.193,0.056,10.408,2.04,2.943,1.03,3.254,0.26,0,0.026,0.048
27/03/2017 16:30,0.45,0.03,9.94,1.932,2.771,1.03,3.243,1.068,0,0.026,0.072
27/03/2017 17:00,0.153,0.05,9.648,1.451,2.655,0.787,3.449,0.852,0,0.026,0.08
27/03/2017 17:30,0.143,0.039,10.688,0.26,2.169,0.46,3.134,1.283,0,0.027,0.077
27/03/2017 18:00,0.168,0.032,10.528,0.098,1.236,0.46,2.925,1.16,0,0.026,0.065
27/03/2017 18:30,0.26,0.057,8.972,0.056,0.426,0.395,2.838,0.966,0,0.026,0.049
27/03/2017 19:00,0.253,0.017,8.82,0.08,0.434,0.535,2.176,2.035,0,0.027,0.049
27/03/2017 19:30,0.235,0.052,9.052,0.061,0.438,0.598,0.573,0.947,0,0.026,0.048
27/03/2017 20:00,0.242,0.036,8.488,0.068,0.44,0.395,0.588,0.608,0.001,0.027,0.049
27/03/2017 20:30,0.255,0.025,7.7,0.075,0.421,0.378,0.584,0.372,0,0.026,0.06
27/03/2017 21:00,0.278,0.057,8.92,0.052,0.405,0.325,0.599,0.364,0,0.026,0.081
27/03/2017 21:30,0.3,0.021,10.64,0.076,0.41,0.385,0.566,0.951,0,0.026,0.077
27/03/2017 22:00,0.283,0.037,9.06,0.056,0.429,0.338,0.59,0.275,0,0.027,0.066
27/03/2017 22:30,0.263,0.05,9.072,0.069,0.427,0.328,0.602,0.254,0,0.026,0.048
27/03/2017 23:00,0.255,0.015,8.88,0.072,0.447,0.378,0.585,0.795,0,0.026,0.049
27/03/2017 23:30,0.318,0.045,9.3,0.054,0.418,0.338,0.578,0.233,0,0.026,0.049
28/03/2017 0:00,0.422,0.041,9.032,0.08,0.402,0.352,0.566,0.245,0,0.026,0.048
28/03/2017 0:30,0.233,0.014,8.02,0.045,0.402,0.313,0.569,0.23,0,0.027,0.053
28/03/2017 1:00,0.238,0.051,6.932,0.076,0.402,0.413,0.588,0.23,0,0.026,0.081
28/03/2017 1:30,0.24,0.035,7.58,0.06,0.404,0.335,0.567,0.227,0.001,0.027,0.078
28/03/2017 2:00,0.242,0.019,7.82,0.066,0.402,0.672,0.588,0.218,0,0.026,0.077
28/03/2017 2:30,0.238,0.05,8.912,0.075,0.404,0.328,0.582,0.224,0,0.159,0.049
28/03/2017 3:00,0.23,0.033,11,0.048,0.418,0.328,0.581,0.227,0,0.106,0.048
28/03/2017 3:30,0.23,0.067,10.96,0.08,0.544,0.352,0.596,0.225,0,0.143,0.049
28/03/2017 4:00,0.128,0.073,13.98,0.051,0.555,0.335,0.569,0.224,0,0.213,0.048
28/03/2017 4:30,0.133,0.031,13.58,0.072,0.549,0.308,0.591,0.23,0,0.114,0.049
28/03/2017 5:00,0.13,0.056,17.792,0.068,0.587,0.348,0.581,0.849,0,0.113,0.067
28/03/2017 5:30,0.118,0.016,21.552,0.057,0.563,0.308,0.572,0.24,0,0.086,0.079
28/03/2017 6:00,0.113,0.045,20.68,0.075,0.552,0.623,0.566,0.738,0,0.163,0.076
28/03/2017 6:30,0.118,0.039,19.26,0.047,0.561,1.21,0.489,0.213,0.001,0.027,0.055
28/03/2017 7:00,1.715,0.016,18.18,1.052,1.146,1.283,0.237,0.468,0,0.026,0.047
28/03/2017 7:30,3.368,0.051,21.592,0.812,1.79,1.455,0.024,0.36,0,0.026,0.049
28/03/2017 8:00,4.593,0.031,20.952,0.284,2.317,2.053,0,0.498,0,0.026,0.187
28/03/2017 8:30,4.88,0.022,21.44,0.714,3.047,2.05,0.12,0,0,0.026,0.191
28/03/2017 9:00,4.585,0.051,22.9,0.927,2.643,1.488,0.245,0,1.216,0.666,0.624
28/03/2017 9:30,2.545,0.025,22.588,0.957,2.819,1.265,0.002,0,1.286,0.805,0.739
28/03/2017 10:00,5.548,0.03,21.64,0.957,3.05,1.313,0,0,1.279,0.843,0.756
28/03/2017 10:30,6.023,0.051,22.852,1.041,2.976,1.57,0,0,1.264,0.832,0.686
28/03/2017 11:00,5.442,0.019,20.808,1.349,2.93,1.423,0,0,1.268,0.89,0.662
28/03/2017 11:30,9.732,0.037,22.3,1.337,3.045,1.433,0,0,1.262,0.829,0.675
28/03/2017 12:00,9.592,0.048,22.2,1.295,3.183,1.235,1.01,0,1.259,0.827,0.7
28/03/2017 12:30,2.908,0.016,20.96,1.289,3.086,1.638,1.232,0,1.266,0.827,0.747
28/03/2017 13:00,10.618,0.049,21.232,1.634,3.102,1.933,1.24,0,1.245,0.822,0.737
28/03/2017 13:30,10.743,0.038,21.828,2.489,3.024,1.56,1.341,0,1.259,0.811,0.713
28/03/2017 14:00,10.223,0.024,20.12,2.396,3.072,1.453,1.278,0,1.257,0.688,0.629
28/03/2017 14:30,8.99,0.06,19.82,2.403,3.206,1.438,1.228,0,0.872,0.49,0.321
28/03/2017 15:00,8.965,0.019,19.32,2.382,3.108,1.158,1.437,0,0,0.027,0.066
28/03/2017 15:30,8.027,0.043,19.412,0.572,3.012,1.475,1.79,0,0.001,0.026,0.048
28/03/2017 16:00,0.17,0.044,17.492,0.088,2.972,1.635,2.066,0,0,0.027,0.048
28/03/2017 16:30,0.128,0.019,16.112,0.071,2.426,1.232,2.168,0.579,0,0.026,0.048
28/03/2017 17:00,0.123,0.059,16.14,0.087,1.743,1.09,2.456,0.338,0,0.027,0.049
28/03/2017 17:30,0.113,0.027,16.74,0.068,1.188,0.823,2.696,1.353,0,0.027,0.066
28/03/2017 18:00,0.143,0.036,16.632,0.072,0.922,0.953,2.785,0.732,0,0.027,0.08
28/03/2017 18:30,0.233,0.052,16.832,0.083,0.918,0.66,0.606,0.528,0,0.026,0.077
28/03/2017 19:00,0.235,0.069,16.38,0.06,0.915,0.558,0.573,0.597,0,0.027,0.075
28/03/2017 19:30,0.218,0.076,15.768,0.088,0.91,0.6,0.566,1.113,0,0.027,0.048
28/03/2017 20:00,0.48,0.067,13.96,0.056,0.725,0.565,0.603,1.869,0,0.026,0.049
28/03/2017 20:30,0.228,0.021,13.632,0.071,0.427,0.545,0.584,0.872,0,0.027,0.048
28/03/2017 21:00,0.233,0.053,13.852,0.06,0.424,0.508,0.584,0.416,0,0.027,0.049
28/03/2017 21:30,0.228,0.035,13.58,0.061,0.396,0.57,0.566,0.447,0.001,0.027,0.048
28/03/2017 22:00,0.215,0.031,12.492,0.072,0.396,0.463,0.567,0.312,0,0.026,0.079
28/03/2017 22:30,0.3,0.057,12.512,0.045,0.398,0.44,0.6,0.297,0,0.027,0.079
28/03/2017 23:00,0.255,0.016,10.828,0.075,0.407,0.388,0.585,0.84,0,0.027,0.076
28/03/2017 23:30,0.258,0.046,12.252,0.056,0.407,0.388,0.581,0.341,0,0.027,0.063
29/03/2017 0:00,0.225,0.041,12.42,0.061,0.396,0.35,0.584,0.306,0,0.027,0.049
29/03/2017 0:30,0.238,0.019,12.9,0.069,0.398,0.35,0.575,0.611,0,0.027,0.049
29/03/2017 1:00,0.233,0.055,12.192,0.052,0.399,0.613,0.593,0.696,0,0.026,0.049
29/03/2017 1:30,0.225,0.028,12.82,0.076,0.408,0.357,0.561,0.27,0.001,0.027,0.048
29/03/2017 2:00,0.215,0.029,11.992,0.045,0.525,0.365,0.57,0.186,0,0.167,0.054
29/03/2017 2:30,0.215,0.052,12.332,0.073,0.54,0.288,0.585,0.186,0,0.098,0.081
29/03/2017 3:00,0.223,0.019,13.92,0.057,0.549,0.345,0.576,0.159,0,0.026,0.077
29/03/2017 3:30,0.49,0.036,16.612,0.06,0.537,0.315,0.591,0.177,0,0.026,0.066
29/03/2017 4:00,0.12,0.048,15.508,0.068,0.535,0.348,0.564,0.183,0,0.027,0.049
29/03/2017 4:30,0.11,0.014,17.732,0.051,0.541,0.343,0.581,0.159,0,0.066,0.048
29/03/2017 5:00,0.105,0.043,17.772,0.104,0.608,0.395,0.573,0.728,0,0.067,0.049
29/03/2017 5:30,0.115,0.041,19.72,0.084,0.553,0.367,0.567,0.168,0.001,0.026,0.048
29/03/2017 6:00,0.12,0.014,21.1,0.088,0.575,0.715,0.572,0.168,0,0.026,0.049
29/03/2017 6:30,0.118,0.046,21.18,0.057,0.569,1.238,0.483,0.036,0,0.026,0.074
29/03/2017 7:00,1.428,0.038,19.232,0.581,0.632,1.383,0.336,0.278,0,0.026,0.078
29/03/2017 7:30,9.47,0.013,19.98,1.046,1.913,1.53,0.044,0.614,0,0.026,0.076
29/03/2017 8:00,9.075,0.047,19.22,0.735,2.015,1.188,0.02,0.002,0,0.026,0.049
29/03/2017 8:30,8.605,0.036,21.972,0.148,3.489,1.38,0.056,0,0.417,0.323,0.116
29/03/2017 9:00,4.128,0.015,22.668,0.726,3.875,1.363,0.135,0.015,1.268,0.81,0.69
29/03/2017 9:30,2.178,0.049,21.48,2.019,3.821,1.363,0.091,0.015,1.265,0.875,0.637
29/03/2017 10:00,5.633,0.132,24.152,2.076,3.817,1.405,0.033,0.021,1.624,1.208,1.007
29/03/2017 10:30,7.275,0.098,24.48,2.417,3.834,1.305,0.071,0.002,1.674,1.427,1.237
29/03/2017 11:00,10.365,0.12,22.46,2.374,3.893,1.47,0.138,0,1.253,0.902,0.844
29/03/2017 11:30,11.945,0.11,21.82,2.358,3.861,1.505,1.127,0,1.234,0.869,0.709
29/03/2017 12:00,10.628,0.092,21.44,2.094,3.003,1.76,1.375,0,1.249,0.873,0.741
29/03/2017 12:30,5.825,0.071,21.72,1.809,3.033,1.515,1.338,0,1.257,0.875,0.727
29/03/2017 13:00,8.865,0.071,21.772,1.823,3.348,1.32,1.659,0,1.26,0.876,0.671
29/03/2017 13:30,8.9,0.059,20.488,1.808,3.671,1.39,1.732,0,1.59,1.15,1.091
29/03/2017 14:00,7.505,0.026,20.848,3.006,3.597,1.505,1.787,0,1.263,0.666,0.256
29/03/2017 14:30,9.77,0.058,22.372,1.949,3.65,1.425,1.685,0,0.355,0.231,0.127
29/03/2017 15:00,11.96,0.031,19.692,1.833,3.546,1.448,1.769,0.088,0,0.026,0.08
29/03/2017 15:30,10.313,0.045,19.092,1.82,3.512,1.468,2.329,0.063,0,0.026,0.077
29/03/2017 16:00,0.69,0.044,19.712,1.71,3.461,1.893,2.823,0.873,0,0.026,0.076
29/03/2017 16:30,0.13,0.03,18.288,1.732,3.284,1.235,2.74,0.654,0,0.026,0.055
29/03/2017 17:00,0.12,0.126,18.18,1.634,2.132,0.885,2.245,0.692,0,0.026,0.049
29/03/2017 17:30,0.113,0.089,19.912,0.057,0.582,0.547,2.279,1.296,0,0.027,0.049
29/03/2017 18:00,0.173,0.076,17.18,0.083,0.424,0.427,2.316,0.839,0,0.026,0.049
29/03/2017 18:30,0.235,0.13,16.912,0.047,0.424,0.468,1.355,0.977,0,0.026,0.049
29/03/2017 19:00,0.238,0.106,16.52,0.076,0.434,0.385,0.155,1.305,0,0.026,0.075
29/03/2017 19:30,0.223,0.217,16.212,0.063,0.421,0.453,0.15,0.679,0,0.027,0.08
29/03/2017 20:00,0.225,0.157,14.38,0.063,0.426,0.42,0.17,0.845,0,0.026,0.077
29/03/2017 20:30,0.235,0.103,15.32,0.075,0.407,0.425,0.14,0.332,0,0.026,0.066
29/03/2017 21:00,0.352,0.397,14.64,0.048,0.41,0.383,0.152,0.281,0.001,0.027,0.049
29/03/2017 21:30,0.38,0.153,13.972,0.081,0.401,0.66,0.14,0.66,0,0.026,0.049
29/03/2017 22:00,0.225,0.101,13.5,0.051,0.408,0.325,0.176,0.371,0,0.027,0.05
29/03/2017 22:30,0.223,0.084,12.612,0.108,0.411,0.305,0.162,0.225,0,0.026,0.049
29/03/2017 23:00,0.26,0.081,13.58,0.091,0.405,0.355,0.137,0.2,0,0.026,0.058
29/03/2017 23:30,0.295,0.08,13.408,0.093,0.418,0.338,0.144,0.147,0,0.027,0.082
30/03/2017 0:00,0.268,0.065,13.8,0.054,0.429,0.318,0.137,0.161,0,0.026,0.078
30/03/2017 0:30,0.253,0.03,14.18,0.076,0.402,0.313,0.165,0.153,0,0.027,0.077
30/03/2017 1:00,0.233,0.059,14.3,0.063,0.395,0.325,0.15,0.152,0,0.026,0.049
30/03/2017 1:30,0.225,0.029,13.74,0.06,0.418,0.335,0.134,0.378,0.001,0.026,0.049
30/03/2017 2:00,0.225,0.05,12.352,0.083,0.427,0.323,0.147,0.498,0,0.132,0.05
30/03/2017 2:30,0.22,0.038,13.16,0.045,0.459,0.302,0.137,0.138,0,0.066,0.049
30/03/2017 3:00,0.233,0.035,18.188,0.075,0.541,0.318,0.167,0.152,0,0.026,0.048
30/03/2017 3:30,0.225,0.051,18.388,0.059,0.544,0.325,0.148,0.145,0,0.107,0.076
30/03/2017 4:00,0.12,0.111,18.308,0.063,0.537,0.383,0.123,0.132,0,0.118,0.079
30/03/2017 4:30,0.11,0.106,20.02,0.072,0.532,0.563,0.152,0.143,0,0.026,0.077
30/03/2017 5:00,0.373,0.051,19.16,0.048,0.578,0.305,0.137,0.195,0,0.026,0.069
30/03/2017 5:30,0.118,0.085,21.18,0.076,0.546,0.308,0.168,0.284,0,0.026,0.049
30/03/2017 6:00,0.125,0.039,22.26,0.059,0.541,0.35,0.14,0.462,0,0.026,0.049
30/03/2017 6:30,0.53,0.086,21.052,0.063,0.561,1.265,0.126,0.546,0,0.026,0.048
30/03/2017 7:00,6.138,0.059,22.26,0.068,0.642,1.738,0.158,1.353,0.001,0.026,0.049
30/03/2017 7:30,6.96,0.185,21.2,0.056,2.982,2.027,0.135,1.761,0,0.026,0.049
30/03/2017 8:00,7.62,0.203,22.612,0.076,3.21,2.248,0.129,1.163,0,0.026,0.078
30/03/2017 8:30,11.095,0.136,20.768,0.052,2.876,1.898,0.759,1.677,0.337,0.17,0.106
30/03/2017 9:00,8.495,0.273,22.38,0.404,2.511,1.903,1.316,1.626,1.264,0.691,0.685
30/03/2017 9:30,6.643,0.083,22.98,0.618,2.752,2.065,1.14,1.64,1.282,0.896,0.71
30/03/2017 10:00,8.25,0.09,23.792,0.569,3.102,1.77,1.053,1.478,1.277,0.8,0.769
30/03/2017 10:30,8.76,0.096,25.68,0.355,2.625,1.61,2.424,1.544,1.284,0.741,0.866
30/03/2017 11:00,10.568,0.092,24.252,0.279,2.277,1.798,3.129,1.455,1.277,0.737,0.697
30/03/2017 11:30,10.03,0.038,23.912,0.282,2.817,1.79,3.017,1.867,1.267,0.74,0.71
30/03/2017 12:00,8.365,0.09,20.608,0.255,2.697,1.7,2.838,2.372,1.267,0.865,0.754
30/03/2017 12:30,5.112,0.038,20.688,0.354,2.883,1.94,2.597,1.769,1.266,0.739,0.796
30/03/2017 13:00,9.14,0.073,20.76,0.273,2.807,1.913,0.819,1.601,1.26,0.738,0.799
30/03/2017 13:30,9.568,0.063,20.8,0.245,2.511,1.585,0.489,1.973,1.27,0.72,0.853
30/03/2017 14:00,9.855,0.07,21.312,0.135,2.825,1.748,0.57,1.595,0.078,0.091,0.227
30/03/2017 14:30,12.175,0.094,22.372,0.044,2.772,1.515,1.304,1.623,0,0.027,0.088
30/03/2017 15:00,10.805,0.052,18.46,0.076,2.88,1.563,2.219,1.488,0,0.026,0.076
30/03/2017 15:30,5.248,0.03,17.54,0.057,2.632,1.232,2.102,1.452,0,0.026,0.075
30/03/2017 16:00,0.31,0.058,17.24,0.105,2.579,0.698,1.461,1.643,0,0.026,0.074
30/03/2017 16:30,0.26,0.016,17.192,0.09,2.966,0.568,0.741,1.615,0,0.026,0.075
30/03/2017 17:00,0.238,0.054,17.16,0.093,2.127,0.465,0.768,1.737,0,0.026,0.103
30/03/2017 17:30,0.545,0.033,16.16,0.052,1.787,0.49,0.758,1.55,0,0.026,0.105
30/03/2017 18:00,0.27,0.03,16.932,0.08,1.724,0.508,0.775,2.186,0,0.027,0.104
30/03/2017 18:30,0.255,0.056,14.68,0.065,1.689,0.733,0.769,1.85,0,0.026,0.102
30/03/2017 19:00,0.248,0.017,15.448,0.056,1.701,0.478,0.24,1.323,0,0.026,0.075
30/03/2017 19:30,0.265,0.043,15.112,0.083,0.784,0.43,0.158,1.215,0,0.027,0.075
30/03/2017 20:00,0.268,0.044,12.672,0.045,0.441,0.535,0.148,0.632,0,0.026,0.075
30/03/2017 20:30,0.25,0.015,12.56,0.076,0.462,0.425,0.143,0.507,0,0.026,0.075
30/03/2017 21:00,0.255,0.056,11.68,0.059,0.438,0.46,0.147,0.618,0.001,0.027,0.074
30/03/2017 21:30,0.27,0.03,11.352,0.063,0.473,0.435,0.137,1.178,0,0.026,0.105
30/03/2017 22:00,0.263,0.028,12.2,0.073,0.517,0.468,0.145,0.298,0,0.026,0.105
30/03/2017 22:30,0.242,0.054,11.78,0.052,0.5,0.42,0.134,0.294,0,0.027,0.103
30/03/2017 23:00,0.25,0.019,11.08,0.075,0.495,0.473,0.159,0.266,0,0.026,0.089
30/03/2017 23:30,0.29,0.039,11.612,0.056,0.492,0.43,0.152,0.266,0,0.026,0.074
31/03/2017 0:00,0.367,0.05,12.152,0.068,0.504,0.408,0.131,0.278,0,0.027,0.074
31/03/2017 0:30,0.51,0.069,11.212,0.068,0.506,0.433,0.143,0.275,0,0.027,0.075
31/03/2017 1:00,0.27,0.074,11.08,0.054,0.51,0.738,0.137,0.258,0,0.026,0.074
31/03/2017 1:30,0.26,0.051,10.92,0.081,0.54,0.42,0.155,0.276,0.001,0.136,0.079
31/03/2017 2:00,0.258,0.037,8.972,0.047,0.605,0.405,0.15,0.725,0,0.027,0.107
31/03/2017 2:30,0.25,0.041,9.86,0.081,0.657,0.405,0.123,0.155,0,0.115,0.103
31/03/2017 3:00,0.24,0.044,9.292,0.056,0.64,0.448,0.153,0.147,0,0.136,0.102
31/03/2017 3:30,0.258,0.02,11.22,0.065,0.597,0.448,0.137,0.27,0,0.027,0.078
31/03/2017 4:00,0.26,0.055,16.36,0.071,0.441,0.422,0.137,0.576,0,0.03,0.074
31/03/2017 4:30,0.26,0.025,17,0.052,0.437,0.422,0.161,0.105,0,0.031,0.074
31/03/2017 5:00,0.238,0.031,14.772,0.078,0.481,0.44,0.137,0.14,0,0.03,0.074
31/03/2017 5:30,0.245,0.049,14.372,0.05,0.458,0.405,0.148,0.105,0,0.03,0.074
31/03/2017 6:00,0.263,0.017,15.888,0.073,0.446,0.48,0.138,0.138,0,0.031,0.083
31/03/2017 6:30,0.208,0.034,15.66,0.063,0.452,0.593,0.072,0.57,0,0.03,0.106
31/03/2017 7:00,2.77,0.045,13.812,0.061,0.468,0.902,0.014,0.423,0.001,0.03,0.102
31/03/2017 7:30,4.21,0.017,11.48,0.071,0.942,1.215,0.011,1.074,0,0.031,0.092
31/03/2017 8:00,4.6,0.032,10.82,0.866,1.806,1.603,0,0.306,0,0.03,0.073
31/03/2017 8:30,9.117,0.044,10.948,1.119,1.755,1.418,0.072,0.138,0,0.03,0.053
31/03/2017 9:00,9.08,0.019,9.728,1.155,1.861,0.99,0,0,0.033,0.031,0.049
31/03/2017 9:30,7.692,0.028,10.98,1.835,1.984,1.035,0.032,0,1.261,0.66,0.562
31/03/2017 10:00,7.423,0.044,11.46,1.796,1.896,1.09,0,0.215,1.284,0.675,0.675
31/03/2017 10:30,5.862,0.024,11.752,1.142,2.011,1.18,0.009,0,1.285,0.673,0.733
31/03/2017 11:00,7.79,0.024,10.888,0.177,1.871,1.22,0.116,0,1.285,0.675,0.751
31/03/2017 11:30,8.188,0.044,10.428,0.204,1.983,0.965,0,0.015,1.29,0.675,0.782
31/03/2017 12:00,11.143,0.028,10.248,0.104,1.899,1.29,0.024,0,1.278,0.675,0.779
31/03/2017 12:30,7.98,0.02,9.82,0.063,2.007,1.188,0.005,0,1.229,0.673,0.771
31/03/2017 13:00,9.283,0.044,9.96,0.072,2.21,1.105,0.045,0.006,0,0.03,0.118
31/03/2017 13:30,8.53,0.032,8.88,0.048,2.465,1.18,0.714,0.111,0.001,0.03,0.075
31/03/2017 14:00,7.58,0.016,8.98,0.105,2.172,1.488,2.083,0.306,0,0.031,0.073
31/03/2017 14:30,9.883,0.045,9.628,0.073,2.609,1.438,1.503,0.002,0.39,0.098,0.078
31/03/2017 15:00,8.605,0.036,8.82,0.099,2.046,1.315,0.52,0.324,1.291,0.29,0.105
31/03/2017 15:30,3.482,0.013,9.272,0.086,2.454,0.985,0.464,0.474,0.508,0.143,0.103
31/03/2017 16:00,0.218,0.042,10.888,0.086,2.035,1.475,0.652,0.424,0,0.03,0.1
31/03/2017 16:30,0.2,0.042,9.54,0.096,2.004,0.83,0.731,0.617,0,0.031,0.073
31/03/2017 17:00,0.248,0.013,10.06,0.078,1.847,0.515,0.774,0.717,0,0.03,0.074
31/03/2017 17:30,0.463,0.065,9.852,0.107,1.716,0.51,0.615,0.825,0,0.031,0.073
31/03/2017 18:00,0.223,0.079,8.66,0.069,1.64,0.443,0.113,2.058,0,0.03,0.074
31/03/2017 18:30,0.212,0.04,8.212,0.099,0.417,0.44,0.14,0.784,0,0.031,0.073
31/03/2017 19:00,0.205,0.046,7.98,0.081,0.411,0.425,0.17,0.347,0.001,0.03,0.09
31/03/2017 19:30,0.22,0.014,8.132,0.093,0.414,0.413,0.126,0.291,0,0.03,0.104
31/03/2017 20:00,0.23,0.047,8.12,0.09,0.44,0.438,0.147,0.263,0,0.027,0.102
31/03/2017 20:30,0.228,0.038,7.96,0.066,0.411,0.42,0.14,0.241,0,0.027,0.079
31/03/2017 21:00,0.205,0.012,7.74,0.083,0.408,0.357,0.132,0.272,0,0.026,0.072
31/03/2017 21:30,0.212,0.045,7.532,0.056,0.408,0.422,0.138,0.752,0,0.026,0.073
31/03/2017 22:00,0.223,0.039,7.412,0.088,0.41,0.473,0.156,0.237,0,0.027,0.072
31/03/2017 22:30,0.23,0.012,6.44,0.059,0.41,0.585,0.137,0.194,0,0.026,0.073
31/03/2017 23:00,0.215,0.041,6.7,0.08,0.418,0.348,0.134,0.236,0,0.027,0.078
31/03/2017 23:30,0.205,0.042,6.932,0.066,0.418,0.4,0.129,0.21,0,0.026,0.104
1/04/2017 0:00,0.522,0.012,7.82,0.071,0.413,0.357,0.145,0.234,0,0.027,0.102
1/04/2017 0:30,0.268,0.034,7.248,0.076,0.408,0.375,0.128,0.789,0,0.027,0.09
1/04/2017 1:00,0.26,0.041,6.92,0.066,0.41,0.362,0.138,0.237,0,0.026,0.072
1/04/2017 1:30,0.218,0.02,6.072,0.083,0.408,0.385,0.148,0.221,0.001,0.027,0.073
1/04/2017 2:00,0.223,0.025,5.84,0.056,0.411,0.35,0.128,0.767,0,0.027,0.072
1/04/2017 2:30,0.215,0.041,6.82,0.098,0.464,0.355,0.116,0.236,0,0.026,0.072
1/04/2017 3:00,0.218,0.028,7.972,0.073,0.581,0.352,0.143,0.23,0,0.2,0.071
1/04/2017 3:30,0.215,0.015,10.96,0.098,0.579,0.362,0.134,0.275,0,0.026,0.088
1/04/2017 4:00,0.198,0.04,9.512,0.083,0.579,0.542,0.14,0.251,0,0.166,0.103
1/04/2017 4:30,0.223,0.037,6.98,0.088,0.581,0.503,0.147,0.741,0,0.026,0.1
1/04/2017 5:00,0.215,0.011,6.312,0.087,0.621,0.36,0.132,0.234,0,0.026,0.077
1/04/2017 5:30,0.218,0.033,6.06,0.081,0.59,0.352,0.143,0.228,0,0.026,0.072
1/04/2017 6:00,0.2,0.039,6.412,0.117,0.585,0.295,0.122,0.237,0,0.026,0.071
1/04/2017 6:30,0.408,0.02,6.96,0.111,0.587,0.328,0.086,0.116,0,0.026,0.072
1/04/2017 7:00,0.12,0.022,7.52,0.119,0.582,0.623,0,0,0.001,0.026,0.071
1/04/2017 7:30,0.115,0.038,6.64,0.071,0.584,0.943,0,0,0,0.027,0.079
1/04/2017 8:00,0.105,0.033,7.08,0.105,0.585,1.3,0,0,0,0.058,0.104
1/04/2017 8:30,0.1,0.011,6.68,0.084,0.585,1.183,0,0.041,0,0.117,0.101
1/04/2017 9:00,0.115,0.037,6.98,0.088,0.585,1.408,0,0.134,0,0.026,0.083
1/04/2017 9:30,0.118,0.039,8.8,0.091,0.587,1.14,0,0,0,0.026,0.072
1/04/2017 10:00,0.108,0.017,9.3,0.084,0.584,1.008,0,0,0.001,0.027,0.071
1/04/2017 10:30,0.105,0.026,7.512,0.098,0.584,1.002,0,0,0,0.026,0.072
1/04/2017 11:00,0.11,0.039,6.632,0.073,0.553,1.458,0,0,0,0.026,0.071
1/04/2017 11:30,0.118,0.029,6.82,0.102,0.44,1.078,0,0,0,0.027,0.073
1/04/2017 12:00,0.115,0.014,6.932,0.071,0.437,0.763,0,0,0.001,0.026,0.104
1/04/2017 12:30,0.105,0.066,6.572,0.104,0.42,0.65,0,0,0,0.027,0.101
1/04/2017 13:00,0.103,0.074,7.36,0.066,0.408,0.388,0,0,0,0.026,0.092
1/04/2017 13:30,0.365,0.046,7.552,0.072,0.423,0.73,0,0,0.001,0.027,0.072
1/04/2017 14:00,0.123,0.041,8.132,0.093,0.421,0.393,0,0,0,0.026,0.072
1/04/2017 14:30,0.11,0.015,8.46,0.061,0.408,0.435,0,0,0,0.027,0.072
1/04/2017 15:00,0.108,0.049,8.82,0.105,0.44,0.352,0,0,0.001,0.026,0.075
1/04/2017 15:30,0.113,0.034,8.092,0.071,0.437,0.417,0,0.395,0,0.027,0.074
1/04/2017 16:00,0.113,0.017,8.212,0.084,0.41,0.367,0,0.177,0,0.026,0.091
1/04/2017 16:30,0.12,0.046,6.972,0.06,0.456,0.405,0.02,0.295,0,0.027,0.103
1/04/2017 17:00,0.115,0.034,6.632,0.078,0.437,0.393,0.002,0.123,0,0.026,0.101
1/04/2017 17:30,0.105,0.015,6.98,0.073,0.387,0.417,0.065,0.893,0,0.026,0.079
1/04/2017 18:00,0.16,0.045,6.832,0.071,0.384,0.415,0.12,0.461,0,0.027,0.072
1/04/2017 18:30,0.22,0.037,6.3,0.39,0.381,0.373,0.137,1.305,0,0.026,0.072
1/04/2017 19:00,0.228,0.013,6.66,0.048,0.395,0.373,0.161,0.477,0.001,0.027,0.072
1/04/2017 19:30,0.22,0.041,6.452,0.073,0.395,0.378,0.134,0.483,0,0.026,0.072
1/04/2017 20:00,0.212,0.043,7.44,0.042,0.381,0.445,0.144,0.479,0,0.027,0.074
1/04/2017 20:30,0.485,0.013,7.52,0.075,0.408,0.578,0.147,0.484,0,0.027,0.105
1/04/2017 21:00,0.23,0.034,8.388,0.05,0.38,0.38,0.134,0.298,0,0.026,0.102
1/04/2017 21:30,0.223,0.043,7.68,0.065,0.38,0.362,0.143,0.231,0,0.027,0.098
1/04/2017 22:00,0.215,0.018,7.632,0.063,0.407,0.4,0.153,0.239,0,0.026,0.071
1/04/2017 22:30,0.208,0.027,6.36,0.054,0.377,0.357,0.138,0.201,0,0.026,0.072
1/04/2017 23:00,0.218,0.042,6.512,0.072,0.387,0.455,0.14,0.227,0,0.027,0.072
1/04/2017 23:30,0.228,0.026,6.28,0.05,0.38,0.36,0.131,0.207,0,0.026,0.072
2/04/2017 0:00,0.228,0.02,6.06,0.076,0.377,0.4,0.147,0.215,0,0.026,0.072
2/04/2017 0:30,0.21,0.042,6.332,0.042,0.377,0.35,0.143,0.195,0,0.027,0.083
2/04/2017 1:00,0.212,0.034,7,0.076,0.377,0.413,0.14,0.219,0,0.026,0.104
2/04/2017 1:30,0.22,0.012,7.168,0.052,0.378,0.36,0.155,0.443,0.001,0.026,0.101
2/04/2017 2:00,0.225,0.039,5.9,0.101,0.377,0.398,0.129,0.493,0,0.027,0.086
2/04/2017 2:30,0.22,0.041,6.992,0.098,0.497,0.642,0.125,0.765,0,0.026,0.072
2/04/2017 3:00,0.203,0.014,8.892,0.08,0.549,0.43,0.14,0.767,0,0.026,0.072
2/04/2017 3:30,0.48,0.029,9.16,0.059,0.537,0.373,0.132,0.198,0,0.026,0.071
2/04/2017 4:00,0.12,0.04,9.58,0.063,0.52,0.348,0.156,0.197,0,0.182,0.072
2/04/2017 4:30,0.115,0.024,6.912,0.069,0.522,0.383,0.125,0.197,0,0.026,0.071
2/04/2017 5:00,0.105,0.019,6.412,0.054,0.566,0.367,0.131,0.211,0.001,0.092,0.094
2/04/2017 5:30,0.105,0.04,6.04,0.073,0.535,0.345,0.147,0.191,0,0.026,0.102
2/04/2017 6:00,0.113,0.035,5.98,0.047,0.522,0.373,0.117,0.2,0,0.026,0.1
2/04/2017 6:30,0.113,0.011,5.8,0.073,0.522,0.34,0.125,0.178,0,0.026,0.075
2/04/2017 7:00,0.118,0.035,6.16,0.051,0.555,0.373,0.098,0.099,0,0.026,0.071
2/04/2017 7:30,0.098,0.041,5.8,0.071,0.552,0.325,0.061,0.018,0,0.027,0.063
2/04/2017 8:00,0.113,0.077,5.6,0.063,0.552,0.422,0.02,0.002,0,0.026,0.049
2/04/2017 8:30,0.11,0.039,6.272,0.054,0.55,0.378,0,0.698,0,0.026,0.048
2/04/2017 9:00,0.123,0.047,7.46,0.073,0.556,0.68,0.003,0.218,0,0.027,0.049
2/04/2017 9:30,0.103,0.013,10.248,0.051,0.552,0.345,0.072,0,0.001,0.026,0.074
2/04/2017 10:00,0.098,0.038,9.92,0.072,0.552,0.373,0.015,0.459,0,0.026,0.104
2/04/2017 10:30,0.38,0.043,8.7,0.047,0.552,0.355,0.003,0.408,0,0.027,0.098
2/04/2017 11:00,0.115,0.015,6.672,0.075,0.459,0.348,0,0.188,0,0.026,0.072
2/04/2017 11:30,0.115,0.031,6.432,0.054,0.447,0.385,0,0,0,0.026,0.072
2/04/2017 12:00,0.095,0.042,6.62,0.066,0.411,0.403,0.027,0.083,0.001,0.027,0.072
2/04/2017 12:30,0.118,0.022,7.36,0.065,0.413,0.378,0,0,0,0.026,0.072
2/04/2017 13:00,0.115,0.024,7.532,0.054,0.408,0.398,0,0,0.001,0.027,0.071
2/04/2017 13:30,0.12,0.043,6.9,0.075,0.38,0.34,0,0.039,0,0.026,0.079
2/04/2017 14:00,0.105,0.029,6.212,0.051,0.383,0.385,0,0,0,0.027,0.104
2/04/2017 14:30,0.103,0.017,7.068,0.073,0.413,0.345,0,0.261,0.001,0.026,0.101
2/04/2017 15:00,0.12,0.043,7.8,0.045,0.407,0.378,0,1.259,0,0.027,0.094
2/04/2017 15:30,0.12,0.036,7.452,0.08,0.383,0.675,0,0,0.165,0.074,0.074
2/04/2017 16:00,0.113,0.012,8.348,0.076,0.411,0.338,0,0.011,1.813,1.166,0.663
2/04/2017 16:30,0.1,0.041,7.84,0.095,0.407,0.388,0.003,0.566,1.806,1.157,0.726
2/04/2017 17:00,0.113,0.043,6.9,0.12,0.423,0.365,0.048,1.363,1.531,0.951,0.55
2/04/2017 17:30,0.302,0.013,6.38,0.068,0.389,0.365,0.104,0.957,0,0.033,0.12
2/04/2017 18:00,0.378,0.033,6.5,0.073,0.387,0.352,0.122,1.578,0,0.026,0.086
2/04/2017 18:30,0.248,0.042,6.272,0.047,0.413,0.36,0.131,1.43,0,0.026,0.103
2/04/2017 19:00,0.22,0.02,5.72,0.078,0.413,0.373,0.15,1.32,0,0.027,0.1
2/04/2017 19:30,0.215,0.026,6.34,0.041,0.408,0.365,0.155,1.116,0,0.026,0.083
2/04/2017 20:00,0.23,0.041,6.6,0.076,0.383,0.413,0.135,1.492,0.001,0.027,0.072
2/04/2017 20:30,0.223,0.029,6.26,0.054,0.41,0.413,0.137,0.387,0,0.026,0.072
2/04/2017 21:00,0.228,0.016,7.2,0.068,0.381,0.373,0.135,0.723,0,0.027,0.073
2/04/2017 21:30,0.21,0.04,7.188,0.06,0.381,0.68,0.145,0.481,0,0.026,0.071
2/04/2017 22:00,0.21,0.038,6.7,0.102,0.41,0.333,0.125,0.646,0,0.026,0.072
2/04/2017 22:30,0.223,0.013,6.452,0.095,0.408,0.44,0.159,1.221,0,0.027,0.099
2/04/2017 23:00,0.223,0.033,7.46,0.08,0.378,0.367,0.147,0.208,0,0.026,0.102
2/04/2017 23:30,0.22,0.04,6.56,0.061,0.378,0.39,0.12,0.273,0,0.027,0.096
3/04/2017 0:00,0.205,0.021,7.332,0.06,0.378,0.393,0.15,0.258,0,0.026,0.071
3/04/2017 0:30,0.475,0.022,7.5,0.075,0.378,0.343,0.135,0.198,0,0.027,0.072
3/04/2017 1:00,0.22,0.039,6.512,0.047,0.38,0.39,0.125,0.2,0,0.026,0.072
3/04/2017 1:30,0.228,0.033,5.56,0.076,0.378,0.388,0.159,0.228,0.001,0.027,0.072
3/04/2017 2:00,0.198,0.011,5.58,0.051,0.378,0.39,0.129,0.702,0,0.026,0.071
3/04/2017 2:30,0.203,0.069,5.64,0.068,0.407,0.325,0.131,0.181,0,0.027,0.079
3/04/2017 3:00,0.225,0.073,6.96,0.063,0.522,0.39,0.128,0.171,0,0.026,0.104
3/04/2017 3:30,0.212,0.037,8.032,0.061,0.52,0.598,0.128,0.176,0,0.026,0.1
3/04/2017 4:00,0.115,0.047,7.632,0.065,0.52,0.422,0.143,0.534,0,0.253,0.067
3/04/2017 4:30,0.098,0.015,6.42,0.054,0.537,0.285,0.116,0.357,0,0.026,0.048
3/04/2017 5:00,0.105,0.031,5.752,0.076,0.582,0.42,0.148,0.171,0,0.068,0.049
3/04/2017 5:30,0.12,0.041,7.56,0.042,0.563,0.29,0.147,0.15,0.001,0.066,0.048
3/04/2017 6:00,0.11,0.021,9.3,0.075,0.556,0.413,0.119,0.281,0,0.026,0.048
3/04/2017 6:30,0.092,0.021,8.672,0.05,0.555,0.273,0.131,0.192,0,0.026,0.075
3/04/2017 7:00,0.373,0.039,8.68,0.071,0.555,0.618,0.068,0.052,0,0.027,0.087
3/04/2017 7:30,0.108,0.033,9.94,0.93,0.552,1.005,0.012,1.074,0,0.026,0.103
3/04/2017 8:00,3.1,0.011,12.9,0.63,0.552,1.07,0.006,1.529,0,0.122,0.099
3/04/2017 8:30,8.533,0.035,12.54,0.168,1.947,1.023,0.26,0.584,0,0.027,0.075
3/04/2017 9:00,7.955,0.038,10.052,0.084,2.037,1.088,0.002,0.231,1.045,0.526,0.164
3/04/2017 9:30,10.613,0.02,10.88,0.918,2.057,1.513,0.006,0.231,0.008,0.057,0.099
3/04/2017 10:00,8.638,0.021,11.42,1.05,2.103,1.168,0.066,0.091,1.241,0.63,0.535
3/04/2017 10:30,6.675,0.037,10.82,1.098,2.105,1.21,0.003,0.042,1.27,0.671,0.714
3/04/2017 11:00,7.82,0.034,10.48,1.086,2.106,1.783,0.054,0.266,1.27,0.731,0.695
3/04/2017 11:30,10.9,0.011,11.232,1.116,2.095,1.875,0.066,0.05,1.268,0.738,0.681
3/04/2017 12:00,6.155,0.034,14.912,1.123,2.097,1.94,0.072,0.477,1.272,0.674,0.705
3/04/2017 12:30,5.133,0.038,13.488,0.344,2.262,2.013,0.032,0,1.282,0.673,0.765
3/04/2017 13:00,5.228,0.022,13.5,0.753,2.25,2.038,0,0,1.277,0.671,0.725
3/04/2017 13:30,3.083,0.02,13.572,1.275,2.172,2.228,0.006,0.007,1.276,0.674,0.734
3/04/2017 14:00,9.575,0.039,12,1.2,2.052,2.04,0.002,0.037,1.565,1.056,0.965
3/04/2017 14:30,9.875,0.034,10.56,1.292,2.259,1.968,0.036,0.741,1.701,1.098,1.222
3/04/2017 15:00,10.478,0.012,12.732,1.22,2.046,2.015,0.263,0.153,1.683,1.086,1.003
3/04/2017 15:30,9.883,0.035,12.512,1.265,2.052,2.268,0.167,0.543,0.015,0.08,0.235
3/04/2017 16:00,9.877,0.039,11.008,1.131,2.019,1.933,0.234,0.84,0,0.026,0.101
3/04/2017 16:30,8.188,0.02,12.3,1.127,2.138,1.833,0.081,0.597,0,0.027,0.1
3/04/2017 17:00,0.24,0.022,11.872,1.115,2.094,1.752,0.308,1.286,0,0.026,0.075
3/04/2017 17:30,0.208,0.039,10.368,1.098,1.989,1.627,0.215,1.575,0,0.027,0.071
3/04/2017 18:00,0.2,0.033,9.94,0.642,1.935,1.425,0.156,0.999,0,0.026,0.071
3/04/2017 18:30,0.19,0.011,10.288,0.081,0.755,0.818,0.14,1.929,0,0.027,0.068
3/04/2017 19:00,0.205,0.036,9.272,0.057,0.416,0.672,0.135,2.47,0,0.026,0.048
3/04/2017 19:30,0.215,0.038,8.952,0.069,0.411,0.615,0.143,1.314,0,0.027,0.053
3/04/2017 20:00,0.4,0.021,8.3,0.063,0.408,0.625,0.162,1.727,0,0.026,0.08
3/04/2017 20:30,0.263,0.02,7.772,0.059,0.395,0.535,0.213,1.053,0,0.026,0.078
3/04/2017 21:00,0.208,0.038,7.732,0.071,0.381,0.588,0.176,1.079,0,0.027,0.082
3/04/2017 21:30,0.22,0.035,8.388,0.054,0.38,0.77,0.148,1.403,0.001,0.027,0.072
3/04/2017 22:00,0.185,0.011,7.892,0.073,0.378,0.542,0.147,1.866,0,0.027,0.073
3/04/2017 22:30,0.205,0.032,7.712,0.047,0.375,0.453,0.135,1.698,0,0.026,0.071
3/04/2017 23:00,0.203,0.04,7.66,0.078,0.389,0.527,0.138,1.428,0,0.026,0.072
3/04/2017 23:30,0.208,0.08,7.48,0.042,0.414,0.425,0.141,1.488,0,0.027,0.071
4/04/2017 0:00,0.18,0.029,7.032,0.078,0.384,0.53,0.128,1.644,0,0.026,0.097
4/04/2017 0:30,0.208,0.046,7.148,0.044,0.374,0.425,0.145,1.754,0,0.027,0.103
4/04/2017 1:00,0.21,0.023,6.88,0.076,0.377,0.49,0.131,1.415,0.001,0.026,0.097
4/04/2017 1:30,0.198,0.023,8.22,0.05,0.374,0.417,0.119,1.697,0,0.027,0.072
4/04/2017 2:00,0.2,0.041,8.44,0.073,0.377,0.465,0.145,2.135,0,0.026,0.072
4/04/2017 2:30,0.463,0.029,7.952,0.05,0.377,0.398,0.131,1.682,0,0.027,0.071
4/04/2017 3:00,0.203,0.013,7.32,0.071,0.404,0.403,0.12,1.617,0,0.026,0.071
4/04/2017 3:30,0.19,0.038,8.152,0.057,0.374,0.575,0.148,1.38,0,0.196,0.072
4/04/2017 4:00,0.203,0.037,9.392,0.065,0.377,0.325,0.132,1.392,0,0.076,0.065
4/04/2017 4:30,0.212,0.014,11.552,0.057,0.47,0.308,0.119,1.403,0,0.072,0.078
4/04/2017 5:00,0.2,0.026,10.152,0.063,0.47,0.393,0.144,1.743,0.001,0.027,0.078
4/04/2017 5:30,0.185,0.036,11.192,0.063,0.498,0.328,0.123,1.574,0,0.026,0.064
4/04/2017 6:00,0.215,0.028,9.7,0.057,0.497,0.37,0.119,1.377,0,0.032,0.049
4/04/2017 6:30,0.16,0.011,13.832,0.066,0.48,0.32,0.113,1.307,0,0.034,0.064
4/04/2017 7:00,0.085,0.036,19.352,0.057,0.498,0.777,0.024,1.128,0,0.026,0.073
4/04/2017 7:30,0.115,0.035,16.412,0.913,0.495,1.513,0.029,0.828,0,0.026,0.072
4/04/2017 8:00,1.6,0.018,19.852,1.101,0.901,1.607,0,1.032,0,0.051,0.071
4/04/2017 8:30,3.56,0.021,19.972,1.005,1.617,1.448,0.413,0.402,0,0.181,0.071
4/04/2017 9:00,2.72,0.223,22.24,0.065,1.923,1.75,0.093,0.845,0,0.282,0.102
4/04/2017 9:30,6.955,0.079,22.772,0.086,2.067,1.663,0.131,0.126,0.023,0.026,0.1
4/04/2017 10:00,8.623,0.065,22.66,0.065,2.245,1.535,0.076,0.14,1.273,0.653,0.472
4/04/2017 10:30,7.743,0.086,18.96,0.602,2.232,1.373,0.065,0.107,1.269,0.669,0.678
4/04/2017 11:00,8.415,0.062,18.168,0.648,2.214,1.555,0.11,1.022,1.276,0.671,0.698
4/04/2017 11:30,11.895,0.061,19.96,0.84,2.307,1.945,0.002,0,1.273,0.672,0.691
4/04/2017 12:00,10.503,0.08,19.892,0.771,2.298,1.5,0.035,0.627,1.516,0.898,0.9
4/04/2017 12:30,7.595,0.08,20.26,0.765,2.2,1.698,0.012,0.066,1.288,0.7,0.756
4/04/2017 13:00,8.22,0.17,19.772,0.857,2.18,1.563,0.131,0.069,1.273,0.67,0.729
4/04/2017 13:30,2.98,0.094,18.94,0.989,2.188,1.72,0.024,0,1.287,0.677,0.769
4/04/2017 14:00,7.148,0.087,19.74,0.44,2.164,1.665,0.027,0.168,1.287,0.674,0.761
4/04/2017 14:30,7.968,0.112,19.34,0.444,2.217,1.418,0.017,0.073,1.28,0.672,0.669
4/04/2017 15:00,9.375,0.106,21.272,1.317,2.14,2.553,0.002,0.003,0.303,0.206,0.25
4/04/2017 15:30,9.24,0.103,19.492,0.414,2.241,2.08,0.011,0,0,0.027,0.072
4/04/2017 16:00,9.463,0.128,17.08,0.969,2.102,1.983,0.125,0.174,0,0.026,0.072
4/04/2017 16:30,6.138,0.129,15.1,1.076,2.214,2.283,0.206,0.658,0,0.026,0.068
4/04/2017 17:00,0.473,0.137,13.572,0.183,2.064,1.99,0.231,0.789,0,0.027,0.071
4/04/2017 17:30,0.208,0.192,13.388,0.072,2.022,1.398,0.357,1.895,0,0.026,0.08
4/04/2017 18:00,0.21,0.197,12.12,0.041,1.418,1.013,0.138,0.854,0,0.026,0.077
4/04/2017 18:30,0.21,0.179,12.4,0.073,1.008,0.615,0.125,0.263,0,0.027,0.051
4/04/2017 19:00,0.193,0.252,12.1,0.044,1.005,0.655,0.14,0.746,0.001,0.026,0.073
4/04/2017 19:30,0.215,0.156,11.6,0.069,0.98,0.642,0.132,0.261,0,0.027,0.073
4/04/2017 20:00,0.21,0.177,9.86,0.051,0.972,0.638,0.132,0.355,0,0.026,0.073
4/04/2017 20:30,0.205,0.304,10.7,0.066,0.977,0.54,0.134,0.366,0,0.027,0.073
4/04/2017 21:00,0.2,0.261,10.648,0.054,1.011,0.498,0.135,0.383,0,0.026,0.073
4/04/2017 21:30,0.21,0.162,10.26,0.066,0.999,0.833,0.148,0.411,0,0.027,0.101
4/04/2017 22:00,0.215,0.098,10.76,0.054,0.974,0.445,0.123,0.393,0,0.026,0.102
4/04/2017 22:30,0.453,0.092,11.08,0.065,1.007,0.413,0.134,0.414,0,0.026,0.087
4/04/2017 23:00,0.203,0.045,9.36,0.063,0.981,0.398,0.148,0.411,0,0.027,0.071
4/04/2017 23:30,0.212,0.031,8.14,0.059,1.007,0.388,0.116,0.396,0,0.027,0.072
5/04/2017 0:00,0.21,0.056,8.82,0.063,1.004,0.383,0.129,0.408,0,0.026,0.072
5/04/2017 0:30,0.188,0.05,10.308,0.06,1,0.33,0.147,0.312,0,0.027,0.072
5/04/2017 1:00,0.218,0.026,10.488,0.068,0.977,0.39,0.119,1.286,0,0.026,0.072
5/04/2017 1:30,0.212,0.051,8.66,0.054,1.005,0.297,0.129,0.158,0,0.027,0.08
5/04/2017 2:00,0.2,0.052,8.28,0.068,0.995,0.367,0.145,0.197,0.001,0.026,0.103
5/04/2017 2:30,0.193,0.032,8.812,0.057,0.993,0.273,0.113,0.134,0,0.027,0.1
5/04/2017 3:00,0.212,0.037,8.06,0.069,0.968,0.37,0.14,0.132,0,0.089,0.079
5/04/2017 3:30,0.205,0.052,9.352,0.05,0.978,0.545,0.144,0.134,0,0.214,0.052
5/04/2017 4:00,0.193,0.045,12.02,0.072,0.995,0.333,0.119,0.138,0,0.044,0.048
5/04/2017 4:30,0.203,0.024,14.3,0.051,0.99,0.248,0.141,0.689,0,0.027,0.048
5/04/2017 5:00,0.47,0.05,14.4,0.071,0.977,0.333,0.129,0.113,0,0.087,0.048
5/04/2017 5:30,0.198,0.05,12.652,0.051,0.959,0.242,0.113,0.145,0,0.026,0.048
5/04/2017 6:00,0.188,0.033,15.04,0.069,0.969,0.328,0.143,0.839,0.001,0.026,0.083
5/04/2017 6:30,0.175,0.077,15.48,0.05,0.936,0.305,0.105,0.887,0,0.026,0.104
5/04/2017 7:00,0.11,0.423,15.62,0.075,0.942,0.67,0.039,0.037,0,0.104,0.1
5/04/2017 7:30,0.095,0.063,18.3,0.05,0.936,0.968,0.003,0.027,0,0.026,0.074
5/04/2017 8:00,1.37,0.077,16.18,0.066,0.971,0.958,0.006,0.347,0,0.027,0.071
5/04/2017 8:30,8.453,0.075,17.14,0.054,1.626,1.255,0,0.116,0,0.026,0.072
5/04/2017 9:00,9.238,0.049,20.7,0.935,1.901,1.035,0.002,0.005,0.001,0.05,0.079
5/04/2017 9:30,7.828,0.068,21.948,1.073,2.075,1.278,0,0,0.09,0.083,0.235
5/04/2017 10:00,9.908,0.074,22,1.091,1.905,0.815,0,0.002,1.266,0.726,0.631
5/04/2017 10:30,8.908,0.063,20.06,1.248,1.98,0.91,0.039,0,1.265,0.729,0.672
5/04/2017 11:00,8.57,0.051,20.98,1.233,1.965,1.083,0.027,0.005,1.262,0.833,0.667
5/04/2017 11:30,8.848,0.074,20.808,0.731,2.01,1.002,0.021,0.263,1.269,0.736,0.667
5/04/2017 12:00,10.945,0.08,20.62,0.21,2.164,1.175,0.052,0.052,1.266,0.724,0.61
5/04/2017 12:30,5.855,0.104,21.932,0.093,2.321,1.04,0.116,0.131,1.608,1.086,0.994
5/04/2017 13:00,7.402,0.111,19.772,0.113,2.229,1.655,0.007,0.02,1.751,1.22,1.353
5/04/2017 13:30,2.035,0.068,19.26,0.098,2.34,1.03,0.002,0,1.765,1.22,1.328
5/04/2017 14:00,8.158,0.247,18.872,0.218,2.16,1.013,0.042,0,1.736,1.187,1.222
5/04/2017 14:30,9.607,0.094,17.792,0.321,2.14,1.37,0.035,0.035,1.647,1.156,1.186
5/04/2017 15:00,9.84,0.121,19.432,0.129,2.202,1.18,0.002,0,1.281,0.672,0.568
5/04/2017 15:30,8.925,0.124,17.6,0.042,2.285,1.208,0.134,0.831,0.488,0.298,0.252
5/04/2017 16:00,6.95,0.09,17.988,0.076,2.162,1.92,0.021,0.03,0,0.026,0.096
5/04/2017 16:30,7.1,0.056,16.952,0.047,2.199,1.115,0.081,1.715,0.001,0.026,0.071
5/04/2017 17:00,0.255,0.063,14.612,0.692,2.078,0.84,0.198,0.983,0,0.026,0.07
5/04/2017 17:30,0.223,0.04,12.848,1.056,1.988,0.723,0.351,1.167,0,0.027,0.048
5/04/2017 18:00,0.198,0.078,11.592,0.781,1.784,0.772,0.301,1.067,0,0.026,0.048
5/04/2017 18:30,0.203,0.239,12.26,0.052,1.649,0.585,0.245,0.767,0,0.027,0.048
5/04/2017 19:00,0.212,0.109,13.028,0.071,1.676,0.455,0.215,0.738,0,0.026,0.062
5/04/2017 19:30,0.49,0.111,10.4,0.054,1.688,0.315,0.129,0.717,0,0.027,0.089
5/04/2017 20:00,0.195,0.228,10.8,0.073,0.447,0.33,0.14,0.734,0,0.026,0.103
5/04/2017 20:30,0.205,0.111,9.072,0.059,0.392,0.285,0.135,0.752,0,0.027,0.081
5/04/2017 21:00,0.218,0.363,10.212,0.063,0.378,0.308,0.134,0.564,0,0.026,0.072
5/04/2017 21:30,0.21,0.12,8.272,0.06,0.434,0.6,0.137,0.965,0,0.027,0.072
5/04/2017 22:00,0.19,0.192,8.14,0.066,0.42,0.32,0.138,0.312,0.001,0.026,0.072
5/04/2017 22:30,0.218,0.115,8.34,0.06,0.449,0.253,0.138,0.455,0,0.027,0.071
5/04/2017 23:00,0.212,0.062,8.468,0.06,0.458,0.348,0.141,0.753,0,0.026,0.072
5/04/2017 23:30,0.2,0.041,7.992,0.068,0.453,0.258,0.129,0.321,0,0.027,0.09
6/04/2017 0:00,0.203,0.063,8.42,0.059,0.417,0.328,0.132,0.3,0,0.026,0.103
6/04/2017 0:30,0.215,0.054,11.42,0.065,0.447,0.235,0.134,0.233,0,0.027,0.1
6/04/2017 1:00,0.21,0.035,12.552,0.057,0.444,0.415,0.126,0.167,0.001,0.026,0.072
6/04/2017 1:30,0.198,0.05,10.428,0.071,0.452,0.3,0.14,0.155,0,0.027,0.072
6/04/2017 2:00,0.473,0.058,11.212,0.054,0.43,0.398,0.134,0.161,0,0.026,0.072
6/04/2017 2:30,0.215,0.041,9.912,0.069,0.45,0.265,0.131,0.144,0,0.027,0.072
6/04/2017 3:00,0.193,0.033,9.952,0.052,0.43,0.323,0.15,0.702,0,0.107,0.071
6/04/2017 3:30,0.205,0.054,8.872,0.072,0.456,0.56,0.122,0.141,0,0.071,0.072
6/04/2017 4:00,0.21,0.051,10.54,0.05,0.555,0.32,0.123,0.117,0,0.095,0.087
6/04/2017 4:30,0.205,0.027,11.94,0.076,0.556,0.323,0.144,0.626,0,0.026,0.079
6/04/2017 5:00,0.193,0.042,13.508,0.048,0.558,0.325,0.117,0.141,0,0.026,0.07
6/04/2017 5:30,0.205,0.061,12.868,0.073,0.587,0.233,0.126,0.128,0.001,0.176,0.048
6/04/2017 6:00,0.215,0.093,14.172,0.051,0.587,0.305,0.145,1.172,0,0.091,0.048
6/04/2017 6:30,0.103,0.371,15.052,0.075,0.584,0.255,0.063,1.216,0,0.237,0.052
6/04/2017 7:00,0.113,0.189,15.5,0.045,0.59,0.628,0,0,0,0.073,0.075
6/04/2017 7:30,0.11,0.013,16.88,0.318,0.959,0.775,0,0.005,0,0.026,0.072
6/04/2017 8:00,2.018,0.033,17.22,1.059,1.973,0.902,0,0.386,0,0.026,0.071
6/04/2017 8:30,5.183,0.04,18.812,0.367,1.746,1.18,0,0.002,0,0.121,0.092
6/04/2017 9:00,6.82,0.019,22.7,0.132,1.959,1.81,0,0.007,0.001,0.026,0.102
6/04/2017 9:30,4.928,0.023,21.74,0.117,2.061,1.56,0,0.035,0.275,0.147,0.099
6/04/2017 10:00,5.355,0.037,21.02,0.194,2.217,1.315,0,0,1.278,0.744,0.869
6/04/2017 10:30,3.02,0.032,20.12,0.285,2.075,1.385,0,0,1.286,0.834,0.669
6/04/2017 11:00,7.773,0.011,20.34,0.273,2.055,1.18,0.011,0.005,1.277,0.824,0.67
6/04/2017 11:30,9.45,0.036,20.672,0.23,2.035,1.235,0,0,1.268,0.868,0.657
6/04/2017 12:00,9.783,0.039,19.472,0.255,2.013,1.265,0,0,1.274,0.825,0.74
6/04/2017 12:30,5.992,0.019,19.292,0.252,2.256,1.045,0,0,1.272,0.871,0.715
6/04/2017 13:00,6.008,0.193,18.7,1.629,2.993,1.015,0,0.003,1.266,0.808,0.705
6/04/2017 13:30,1.252,0.095,18.028,0.456,2.672,1.178,0.032,0.006,1.292,0.813,0.893
6/04/2017 14:00,6.345,0.035,22.86,0.24,2.648,1.448,0.086,0.107,1.273,0.811,0.698
6/04/2017 14:30,6.808,0.06,20.18,0.245,2.478,1.21,0.002,0.024,1.047,0.689,0.631
6/04/2017 15:00,8.565,0.066,19.34,0.824,2.484,1.1,0.017,0.007,0,0.026,0.097
6/04/2017 15:30,9.178,0.053,19.172,1.289,2.589,1.165,0.003,0.08,0.001,0.027,0.071
6/04/2017 16:00,7.822,0.058,18.92,1.422,2.172,1.153,0.091,1.377,0,0.026,0.07
6/04/2017 16:30,6.987,0.067,15.092,1.48,2.07,1.228,0.091,1.022,0,0.027,0.074
6/04/2017 17:00,0.135,0.036,13.64,1.388,2.126,1.145,0.275,0.915,0,0.027,0.104
6/04/2017 17:30,0.12,0.057,13.2,0.125,2.028,1.025,0.837,1.133,0,0.026,0.101
6/04/2017 18:00,0.475,0.088,12.888,0.126,1.836,0.718,0.759,1.01,0,0.027,0.091
6/04/2017 18:30,0.215,0.094,12.632,0.091,1.335,0.873,0.796,0.725,0,0.027,0.072
6/04/2017 19:00,0.203,0.169,12.312,0.125,0.387,0.478,0.793,0.156,0,0.027,0.072
6/04/2017 19:30,0.205,0.142,12.7,0.081,0.381,0.4,0.624,0.14,0,0.026,0.071
6/04/2017 20:00,0.218,0.127,12.08,0.111,0.381,0.405,0.645,0.21,0,0.027,0.071
6/04/2017 20:30,0.212,0.368,12.828,0.087,0.402,0.385,0.64,0.252,0,0.027,0.071
6/04/2017 21:00,0.198,0.307,13.32,0.108,0.393,0.403,0.635,0.23,0.001,0.027,0.081
6/04/2017 21:30,0.205,0.467,11.22,0.088,0.39,0.357,0.638,0.807,0,0.027,0.08
6/04/2017 22:00,0.212,0.179,11.58,0.104,0.386,0.408,0.72,0.295,0,0.027,0.076
6/04/2017 22:30,0.21,0.318,10.72,0.09,0.381,0.338,0.639,0.386,0,0.027,0.053
6/04/2017 23:00,0.203,0.158,10.82,0.099,0.392,0.3,0.512,0.341,0,0.027,0.048
6/04/2017 23:30,0.47,0.175,10.628,0.096,0.405,0.233,0.138,0.304,0,0.026,0.067
7/04/2017 0:00,0.212,0.071,11.76,0.091,0.413,0.313,0.155,1.14,0,0.027,0.073
7/04/2017 0:30,0.212,0.036,9.58,0.088,0.402,0.532,0.12,0.105,0,0.027,0.072
7/04/2017 1:00,0.208,0.067,10,0.086,0.398,0.29,0.138,0.138,0,0.027,0.072
7/04/2017 1:30,0.195,0.052,11.42,0.095,0.398,0.248,0.138,0.108,0,0.027,0.098
7/04/2017 2:00,0.22,0.029,11.58,0.084,0.408,0.297,0.122,0.131,0.001,0.108,0.102
7/04/2017 2:30,0.218,0.058,11.192,0.098,0.401,0.233,0.138,0.113,0,0.026,0.096
7/04/2017 3:00,0.193,0.055,9.44,0.072,0.395,0.278,0.129,0.116,0,0.188,0.071
7/04/2017 3:30,0.2,0.035,11.092,0.104,0.437,0.242,0.128,0.11,0,0.06,0.071
7/04/2017 4:00,0.11,0.045,16.272,0.072,0.435,0.268,0.14,0.128,0,0.026,0.071
7/04/2017 4:30,0.12,0.052,16.76,0.101,0.538,0.225,0.135,0.108,0,0.026,0.071
7/04/2017 5:00,0.098,0.039,15.24,0.069,0.525,0.275,0.131,0.114,0,0.079,0.07
7/04/2017 5:30,0.103,0.031,15.18,0.119,0.522,0.225,0.129,0.126,0,0.026,0.071
7/04/2017 6:00,0.38,0.05,16.08,0.11,0.52,0.265,0.128,1.28,0,0.061,0.098
7/04/2017 6:30,0.115,0.052,16.832,0.113,0.544,0.495,0.123,1.286,0,0.026,0.1
7/04/2017 7:00,0.09,0.064,18.4,0.075,0.555,0.787,0.066,0.084,0.001,0.026,0.088
7/04/2017 7:30,0.113,0.324,18.84,0.104,0.553,1.03,0.015,1.271,0,0.026,0.06
7/04/2017 8:00,1.35,0.183,17.212,0.519,0.547,1.357,0.208,0.474,0,0.027,0.047
7/04/2017 8:30,5.763,0.115,19.472,1.097,1.626,1.218,0.335,1.173,0,0.026,0.048
7/04/2017 9:00,3.185,0.095,20.552,1.082,1.782,1.3,0.005,0,0,0.213,0.201
7/04/2017 9:30,6.253,0.257,21.412,0.575,1.857,1.568,0,0,0.113,0.058,0.192
7/04/2017 10:00,4.835,0.04,20.46,0.132,1.988,1.413,0.03,0,1.279,0.668,0.613
7/04/2017 10:30,3.235,0.037,22.34,0.211,2.006,1.23,0,0,1.291,0.711,0.693
7/04/2017 11:00,4.913,0.053,21.492,0.177,1.992,1.125,0.002,0,1.292,0.732,0.701
7/04/2017 11:30,8.853,0.071,18.78,0.236,2.04,1.315,0.026,0.002,1.283,0.728,0.629
7/04/2017 12:00,9.86,0.073,18.48,0.197,1.941,1.31,0.042,0,1.27,0.725,0.673
7/04/2017 12:30,10.49,0.117,19.02,0.141,1.95,1.518,0.063,0.021,1.263,0.723,0.7
7/04/2017 13:00,7.393,0.214,16.42,0.126,1.971,1.278,0.153,0.543,1.555,0.978,0.92
7/04/2017 13:30,4.867,0.188,16.88,0.144,2.21,1.353,0.027,0.689,1.733,1.162,1.305
7/04/2017 14:00,6.96,0.143,15.76,0.113,1.917,1.203,0,0.167,1.719,1.139,1.176
7/04/2017 14:30,8.16,0.136,17.18,0.096,1.911,1.475,0.003,0.213,1.292,0.837,0.929
7/04/2017 15:00,7.905,0.243,9.82,0.087,1.931,1.242,0,0.449,0,0.026,0.106
7/04/2017 15:30,8.603,0.082,9.4,0.799,2.458,1.025,0,0,0.001,0.027,0.1
7/04/2017 16:00,10.438,0.067,8.64,1.08,2.268,1.188,0.014,0.104,0,0.026,0.076
7/04/2017 16:30,7.37,0.018,8.052,1.079,1.98,1.088,0.095,0.45,0,0.027,0.071
7/04/2017 17:00,0.438,0.035,8.552,0.254,2.082,0.915,0.464,1.394,0,0.026,0.071
7/04/2017 17:30,0.103,0.045,8.592,0.059,1.974,0.835,0.289,1.85,0,0.026,0.072
7/04/2017 18:00,0.16,0.014,9.24,0.084,1.674,0.62,0.131,1.697,0,0.027,0.071
7/04/2017 18:30,0.215,0.029,9.688,0.059,0.435,0.378,0.135,0.581,0,0.026,0.071
7/04/2017 19:00,0.212,0.04,9.58,0.087,0.402,0.36,0.141,0.377,0,0.027,0.097
7/04/2017 19:30,0.195,0.023,8.428,0.051,0.408,0.455,0.126,0.49,0,0.026,0.102
7/04/2017 20:00,0.212,0.017,7.32,0.086,0.411,0.48,0.134,0.363,0.001,0.026,0.097
7/04/2017 20:30,0.223,0.038,7.9,0.057,0.411,0.255,0.143,0.438,0,0.027,0.072
7/04/2017 21:00,0.2,0.037,7.248,0.083,0.39,0.357,0.125,0.477,0,0.027,0.072
7/04/2017 21:30,0.205,0.011,7.492,0.054,0.398,0.248,0.15,0.476,0,0.026,0.071
7/04/2017 22:00,0.48,0.026,7.62,0.09,0.408,0.335,0.143,0.467,0,0.027,0.071
7/04/2017 22:30,0.285,0.035,7.552,0.051,0.41,0.26,0.125,0.789,0,0.026,0.071
7/04/2017 23:00,0.25,0.03,7.452,0.086,0.389,0.39,0.155,0.684,0,0.027,0.071
7/04/2017 23:30,0.215,0.01,7.228,0.057,0.377,0.283,0.132,0.894,0,0.027,0.104
8/04/2017 0:00,0.215,0.031,8.72,0.086,0.396,0.352,0.117,0.377,0,0.026,0.101
8/04/2017 0:30,0.212,0.035,9.232,0.056,0.41,0.275,0.145,0.375,0,0.027,0.089
8/04/2017 1:00,0.193,0.024,8.932,0.081,0.389,0.338,0.131,0.393,0.001,0.026,0.071
8/04/2017 1:30,0.22,0.011,7.4,0.063,0.375,0.595,0.117,0.893,0,0.027,0.072
8/04/2017 2:00,0.208,0.034,7.2,0.08,0.375,0.308,0.144,0.336,0,0.026,0.071
8/04/2017 2:30,0.198,0.033,6.732,0.063,0.407,0.275,0.129,0.321,0,0.027,0.07
8/04/2017 3:00,0.2,0.02,7.208,0.104,0.538,0.275,0.129,0.333,0,0.211,0.071
8/04/2017 3:30,0.218,0.014,7.292,0.091,0.54,0.28,0.141,0.317,0,0.026,0.077
8/04/2017 4:00,0.105,0.032,7.22,0.073,0.535,0.263,0.135,0.255,0,0.027,0.087
8/04/2017 4:30,0.362,0.032,7.08,0.061,0.498,0.275,0.135,0.122,0,0.026,0.077
8/04/2017 5:00,0.115,0.018,6.352,0.063,0.497,0.25,0.128,0.12,0.001,0.101,0.057
8/04/2017 5:30,0.105,0.015,6.08,0.065,0.498,0.29,0.125,0.117,0,0.071,0.048
8/04/2017 6:00,0.098,0.032,6.18,0.059,0.517,0.238,0.132,0.635,0,0.041,0.049
8/04/2017 6:30,0.108,0.031,7.032,0.065,0.52,0.265,0.11,0.584,0,0.027,0.047
8/04/2017 7:00,0.123,0.017,7.16,0.059,0.538,0.25,0.03,0.012,0,0.027,0.073
8/04/2017 7:30,0.09,0.016,6.52,0.066,0.569,0.563,0.003,0,0,0.026,0.072
8/04/2017 8:00,0.105,0.031,7.168,0.057,0.582,0.263,0,0,0,0.181,0.078
8/04/2017 8:30,0.118,0.031,7.14,0.061,0.561,0.555,0,0,0.001,0.026,0.103
8/04/2017 9:00,0.103,0.018,6.88,0.06,0.563,0.613,0,0,0,0.026,0.1
8/04/2017 9:30,0.1,0.015,7.5,0.068,0.556,0.705,0,0,0.001,0.264,0.074
8/04/2017 10:00,0.115,0.032,7.68,0.052,0.556,0.975,0,0,0,0.026,0.072
8/04/2017 10:30,0.115,0.032,8.672,0.071,0.558,1.295,0,0.108,0,0.027,0.071
8/04/2017 11:00,0.36,0.022,7.612,0.059,0.546,0.983,0,0.009,0.001,0.026,0.071
8/04/2017 11:30,0.123,0.065,7.692,0.069,0.531,0.73,0,0,0.001,0.027,0.072
8/04/2017 12:00,0.108,0.064,7.188,0.052,0.522,0.6,0,0,0,0.026,0.07
8/04/2017 12:30,0.098,0.02,6.472,0.075,0.528,0.623,0,0.014,0,0.026,0.096
8/04/2017 13:00,0.11,0.024,7.108,0.048,0.522,0.828,0,0,0.001,0.027,0.101
8/04/2017 13:30,0.115,0.041,8.22,0.08,0.546,0.45,0,0,0.001,0.026,0.098
8/04/2017 14:00,0.103,0.029,7.872,0.045,0.552,0.843,0,0.007,0,0.027,0.07
8/04/2017 14:30,0.103,0.013,7.18,0.078,0.531,0.383,0,0,0.001,0.026,0.071
8/04/2017 15:00,0.12,0.039,7.512,0.045,0.519,0.463,0,0,0,0.026,0.071
8/04/2017 15:30,0.113,0.039,7.672,0.076,0.517,0.373,0,0.042,0,0.026,0.071
8/04/2017 16:00,0.09,0.016,7.892,0.047,0.538,0.34,0,0.708,0,0.027,0.07
8/04/2017 16:30,0.12,0.023,7.832,0.078,0.529,0.292,0,0.43,0,0.026,0.072
8/04/2017 17:00,0.12,0.039,6.452,0.052,0.52,0.245,0.042,1.065,0,0.027,0.105
8/04/2017 17:30,0.105,0.031,6.132,0.072,0.522,0.323,0.093,0.183,0.001,0.026,0.101
8/04/2017 18:00,0.455,0.013,6.2,0.056,0.529,0.242,0.122,0.266,0,0.026,0.094
8/04/2017 18:30,0.218,0.033,6.92,0.066,0.525,0.297,0.15,0.27,0,0.027,0.072
8/04/2017 19:00,0.22,0.038,7.732,0.063,0.52,0.255,0.138,0.361,0,0.026,0.071
8/04/2017 19:30,0.2,0.022,6.46,0.063,0.537,0.605,0.134,0.364,0,0.027,0.072
8/04/2017 20:00,0.22,0.016,8,0.066,0.576,0.263,0.144,0.35,0,0.026,0.062
8/04/2017 20:30,0.225,0.038,8.328,0.059,0.541,0.278,0.14,0.893,0,0.027,0.049
8/04/2017 21:00,0.203,0.036,7.332,0.071,0.523,0.28,0.143,0.35,0,0.026,0.056
8/04/2017 21:30,0.198,0.014,7.66,0.052,0.541,0.275,0.131,0.364,0,0.027,0.08
8/04/2017 22:00,0.22,0.023,6.612,0.073,0.532,0.258,0.137,0.36,0.001,0.026,0.079
8/04/2017 22:30,0.223,0.036,7.32,0.05,0.522,0.273,0.152,0.366,0,0.027,0.089
8/04/2017 23:00,0.193,0.032,5.392,0.08,0.529,0.275,0.126,0.842,0,0.026,0.072
8/04/2017 23:30,0.212,0.011,6.232,0.044,0.531,0.285,0.131,0.26,0,0.026,0.072
9/04/2017 0:00,0.223,0.029,5.96,0.098,0.541,0.255,0.148,0.802,0,0.027,0.072
9/04/2017 0:30,0.215,0.035,6.152,0.093,0.547,0.3,0.126,0.281,0,0.027,0.072
9/04/2017 1:00,0.465,0.027,7.4,0.091,0.526,0.26,0.123,0.32,0,0.026,0.072
9/04/2017 1:30,0.22,0.011,6.692,0.052,0.538,0.537,0.144,0.312,0,0.027,0.088
9/04/2017 2:00,0.218,0.032,6.252,0.08,0.549,0.333,0.128,0.348,0,0.026,0.102
9/04/2017 2:30,0.19,0.034,7.68,0.047,0.54,0.352,0.128,0.324,0.001,0.026,0.1
9/04/2017 3:00,0.21,0.023,8.08,0.08,0.523,0.248,0.138,0.33,0,0.099,0.073
9/04/2017 3:30,0.215,0.012,7.712,0.048,0.519,0.323,0.131,0.263,0,0.069,0.071
9/04/2017 4:00,0.103,0.033,7.66,0.071,0.519,0.19,0.132,0.234,0,0.201,0.071
9/04/2017 4:30,0.105,0.034,6.612,0.056,0.528,0.345,0.132,0.228,0,0.026,0.072
9/04/2017 5:00,0.115,0.019,5.828,0.068,0.525,0.18,0.134,0.167,0,0.072,0.071
9/04/2017 5:30,0.115,0.015,6.12,0.057,0.471,0.348,0.135,0.128,0,0.105,0.071
9/04/2017 6:00,0.095,0.032,5.052,0.061,0.465,0.242,0.134,0.15,0.001,0.07,0.098
9/04/2017 6:30,0.11,0.033,5.68,0.065,0.484,0.362,0.091,0.037,0,0.027,0.101
9/04/2017 7:00,0.12,0.02,5.392,0.059,0.522,0.215,0,0.137,0,0.026,0.088
9/04/2017 7:30,0.367,0.064,5.94,0.061,0.556,0.343,0,0.657,0,0.026,0.071
9/04/2017 8:00,0.108,0.061,7.148,0.061,0.555,0.525,0,0.086,0,0.027,0.056
9/04/2017 8:30,0.118,0.023,6.412,0.066,0.553,0.295,0,0,0.001,0.026,0.048
9/04/2017 9:00,0.103,0.019,6.94,0.052,0.556,0.21,0,0,0,0.092,0.048
9/04/2017 9:30,0.103,0.038,8.56,0.072,0.591,0.295,0,0,0,0.027,0.048
9/04/2017 10:00,0.115,0.035,9.152,0.054,0.564,0.233,0,0,0.001,0.027,0.051
9/04/2017 10:30,0.11,0.012,8.48,0.073,0.45,0.283,0,0,0,0.026,0.105
9/04/2017 11:00,0.175,0.027,7.4,0.047,0.395,0.215,0,0,0.001,0.026,0.101
9/04/2017 11:30,0.155,0.038,7.2,0.08,0.386,0.308,0,0,0,0.027,0.084
9/04/2017 12:00,0.128,0.028,6.652,0.048,0.378,0.218,0,0,0,0.026,0.072
9/04/2017 12:30,0.123,0.012,6.36,0.078,0.398,0.3,0,0,0.001,0.027,0.071
9/04/2017 13:00,0.105,0.036,6.5,0.045,0.41,0.203,0,0,0,0.026,0.072
9/04/2017 13:30,0.105,0.039,7.08,0.081,0.41,0.34,0,0,0.001,0.026,0.071
9/04/2017 14:00,0.118,0.019,7.06,0.048,0.39,0.19,0,0,0.001,0.027,0.072
9/04/2017 14:30,0.37,0.159,6.76,0.073,0.398,0.618,0,0,0,0.027,0.093
9/04/2017 15:00,0.118,0.102,7.392,0.057,0.411,0.198,0,0,0,0.026,0.103
9/04/2017 15:30,0.11,0.043,7.992,0.071,0.387,0.333,0,0,0.001,0.027,0.1
9/04/2017 16:00,0.12,0.077,8.872,0.057,0.377,0.223,0,0,0,0.026,0.081
9/04/2017 16:30,0.113,0.06,8.692,0.068,0.396,0.288,0,0.267,0,0.026,0.071
9/04/2017 17:00,0.103,0.07,6.532,0.065,0.398,0.253,0.002,0.047,0,0.027,0.072
9/04/2017 17:30,0.118,0.09,6.952,0.059,0.381,0.288,0.068,0.185,0,0.026,0.071
9/04/2017 18:00,0.188,0.18,7.412,0.066,0.375,0.275,0.138,0.759,0,0.027,0.072
9/04/2017 18:30,0.208,0.152,8.292,0.06,0.375,0.253,0.129,0.752,0,0.026,0.071
9/04/2017 19:00,0.205,0.111,8.22,0.071,0.375,0.29,0.155,0.367,0.001,0.026,0.101
9/04/2017 19:30,0.225,0.111,6.932,0.05,0.377,0.315,0.141,0.45,0,0.027,0.102
9/04/2017 20:00,0.22,0.243,6.84,0.096,0.377,0.302,0.123,0.484,0,0.026,0.095
9/04/2017 20:30,0.203,0.331,7.14,0.091,0.377,0.283,0.153,0.446,0,0.027,0.071
9/04/2017 21:00,0.21,0.06,6.58,0.091,0.375,0.547,0.138,1.469,0,0.026,0.072
9/04/2017 21:30,0.218,0.029,7.46,0.061,0.414,0.36,0.135,0.51,0,0.026,0.072
9/04/2017 22:00,0.482,0.023,7.62,0.08,0.387,0.325,0.135,0.455,0,0.027,0.071
9/04/2017 22:30,0.2,0.045,7.4,0.047,0.405,0.348,0.135,0.435,0,0.026,0.071
9/04/2017 23:00,0.215,0.025,7.26,0.08,0.414,0.253,0.153,0.306,0,0.026,0.085
9/04/2017 23:30,0.215,0.018,7.28,0.048,0.399,0.308,0.122,0.237,0,0.027,0.103
10/04/2017 0:00,0.212,0.055,6.812,0.075,0.383,0.258,0.135,0.14,0.001,0.026,0.1
10/04/2017 0:30,0.203,0.077,6.432,0.056,0.375,0.302,0.24,0.197,0,0.027,0.078
10/04/2017 1:00,0.22,0.032,7.52,0.068,0.377,0.235,0.17,0.617,0,0.026,0.072
10/04/2017 1:30,0.228,0.046,7.752,0.059,0.398,0.31,0.164,0.735,0.001,0.027,0.071
10/04/2017 2:00,0.203,0.017,6.172,0.066,0.387,0.245,0.155,0.11,0,0.026,0.072
10/04/2017 2:30,0.208,0.025,5.62,0.065,0.374,0.297,0.131,0.123,0,0.229,0.071
10/04/2017 3:00,0.215,0.039,7.02,0.056,0.44,0.25,0.138,0.116,0,0.027,0.071
10/04/2017 3:30,0.208,0.027,6.84,0.069,0.526,0.575,0.135,0.122,0,0.104,0.098
10/04/2017 4:00,0.092,0.011,7.08,0.054,0.514,0.235,0.131,0.119,0,0.026,0.101
10/04/2017 4:30,0.39,0.036,6.092,0.073,0.516,0.283,0.134,0.129,0.001,0.026,0.094
10/04/2017 5:00,0.12,0.035,5.472,0.045,0.535,0.225,0.132,0.617,0,0.027,0.071
10/04/2017 5:30,0.092,0.017,8.22,0.078,0.526,0.285,0.134,0.11,0,0.026,0.068
10/04/2017 6:00,0.11,0.019,8.4,0.047,0.519,0.235,0.132,0.308,0,0.12,0.048
10/04/2017 6:30,0.12,0.034,9.1,0.075,0.517,0.275,0.083,0.056,0,0.026,0.048
10/04/2017 7:00,0.103,0.033,7.8,0.044,0.537,0.42,0,0,0,0.026,0.048
10/04/2017 7:30,0.1,0.023,14.632,0.08,0.549,0.63,0,0.398,0,0.026,0.048
10/04/2017 8:00,2.26,0.098,18.08,0.047,0.55,0.808,0,0.017,0.001,0.027,0.084
10/04/2017 8:30,8.125,0.082,16.892,0.805,1.409,0.73,0.03,0.719,0,0.026,0.104
10/04/2017 9:00,5.938,0.056,12.532,1.218,1.92,0.998,0,0.002,0,0.026,0.092
10/04/2017 9:30,7.71,0.156,10.072,1.245,1.962,1.338,0,0,0.157,0.081,0.071
10/04/2017 10:00,7.487,0.117,9.032,1.404,2.382,1.5,0,0,1.263,0.662,0.643
10/04/2017 10:30,5.862,0.046,10.7,1.322,2.85,0.948,0,0,1.273,0.668,0.678
10/04/2017 11:00,9.465,0.046,10.588,1.379,2.499,0.863,0,0,1.274,0.731,0.745
10/04/2017 11:30,9.318,0.064,12.032,1.35,2.433,1.018,0,0,1.279,0.674,0.713
10/04/2017 12:00,7.928,0.052,13.692,1.38,2.514,0.723,0,0,1.28,0.728,0.725
10/04/2017 12:30,6.635,0.035,11.452,1.473,2.422,0.713,0,0,1.282,0.674,0.766
10/04/2017 13:00,3.248,0.113,11.292,1.452,2.618,1.17,0,0,1.276,0.673,0.781
10/04/2017 13:30,1.575,0.247,11.2,1.491,2.78,1.158,0.017,0,1.273,0.67,0.709
10/04/2017 14:00,4.325,0.123,10.948,1.568,2.925,1.803,0,0,1.256,0.666,0.703
10/04/2017 14:30,6.21,0.094,10.808,1.649,3.038,1.5,0,0,1.249,0.665,0.714
10/04/2017 15:00,6.59,0.059,10.28,1.64,3.429,1.295,0,0,1.255,0.664,0.612
10/04/2017 15:30,10.303,0.078,9.62,1.803,3.009,1.305,0.083,0.099,1.257,0.664,0.219
10/04/2017 16:00,9.815,0.155,11.7,1.983,2.969,0.975,0.065,0.367,0.316,0.213,0.135
10/04/2017 16:30,9.885,0.12,11.032,2.09,2.921,1.133,0.255,0.658,0,0.026,0.069
10/04/2017 17:00,2.655,0.111,9.18,1.754,2.663,0.775,0.249,0.663,0,0.026,0.079
10/04/2017 17:30,0.153,0.147,8.26,1.518,2.337,0.662,0.218,1.148,0,0.027,0.077
10/04/2017 18:00,0.198,0.155,8.292,0.221,1.73,0.618,0.152,1.08,0,0.026,0.083
10/04/2017 18:30,0.255,0.155,7.392,0.059,1.761,0.738,0.158,1.05,0.001,0.026,0.075
10/04/2017 19:00,0.263,0.131,7.832,0.063,0.459,0.32,0.159,0.906,0,0.027,0.073
10/04/2017 19:30,0.245,0.162,6.74,0.066,0.421,0.328,0.137,0.767,0,0.026,0.073
10/04/2017 20:00,0.242,0.146,5.62,0.061,0.405,0.253,0.191,0.912,0,0.026,0.073
10/04/2017 20:30,0.26,0.364,5.7,0.068,0.402,0.295,0.372,1.326,0,0.027,0.073
10/04/2017 21:00,0.255,0.367,5.612,0.052,0.395,0.25,0.183,1.503,0,0.026,0.106
10/04/2017 21:30,0.24,0.139,5.52,0.081,0.393,0.288,0.138,0.52,0,0.026,0.103
10/04/2017 22:00,0.515,0.23,5.52,0.042,0.395,0.313,0.144,1.343,0,0.027,0.097
10/04/2017 22:30,0.255,0.37,5.04,0.08,0.393,0.31,0.138,2.727,0,0.026,0.073
10/04/2017 23:00,0.245,0.219,5.232,0.045,0.438,0.288,0.148,2.112,0,0.026,0.073
10/04/2017 23:30,0.233,0.289,5.18,0.078,0.416,0.305,0.125,1.245,0.001,0.027,0.059
11/04/2017 0:00,0.305,0.127,4.532,0.05,0.401,0.325,0.135,2.051,0,0.026,0.049
11/04/2017 0:30,0.275,0.068,5.24,0.073,0.396,0.35,0.153,0.227,0,0.027,0.049
11/04/2017 1:00,0.27,0.047,5.44,0.054,0.393,0.49,0.119,0.215,0,0.026,0.054
11/04/2017 1:30,0.225,0.026,4.8,0.069,0.405,0.273,0.145,0.749,0.001,0.026,0.109
11/04/2017 2:00,0.24,0.046,4.14,0.061,0.396,0.27,0.138,0.141,0,0.027,0.103
11/04/2017 2:30,0.235,0.05,4.34,0.06,0.393,0.245,0.116,0.14,0,0.026,0.09
11/04/2017 3:00,0.225,0.04,4.412,0.068,0.393,0.248,0.15,0.119,0,0.13,0.073
11/04/2017 3:30,0.205,0.025,4.26,0.056,0.441,0.292,0.134,0.138,0,0.026,0.073
11/04/2017 4:00,0.138,0.047,7.228,0.071,0.532,0.24,0.135,0.117,0,0.145,0.072
11/04/2017 4:30,0.388,0.047,7.42,0.05,0.534,0.258,0.231,0.137,0,0.051,0.072
11/04/2017 5:00,0.103,0.039,8.28,0.075,0.532,0.263,0.174,0.654,0.001,0.026,0.072
11/04/2017 5:30,0.128,0.025,9.8,0.048,0.534,0.248,0.122,0.123,0,0.026,0.079
11/04/2017 6:00,0.12,0.043,12.38,0.075,0.535,0.228,0.145,0.177,0,0.026,0.088
11/04/2017 6:30,0.103,0.045,17.392,0.047,0.534,0.505,0.075,0.189,0,0.026,0.077
11/04/2017 7:00,0.105,0.056,18.98,0.078,0.549,0.693,0.003,0.303,0,0.026,0.057
11/04/2017 7:30,0.118,0.289,19.44,0.245,0.984,0.82,0,0.315,0,0.027,0.05
11/04/2017 8:00,1.502,0.13,18.58,1.17,1.734,0.98,0.036,0,0,0.026,0.066
11/04/2017 8:30,4.843,0.129,19.832,0.708,1.734,0.88,0.006,0,0,0.026,0.073
11/04/2017 9:00,4.58,0.081,23.44,0.159,1.893,0.935,0,0,0.001,0.139,0.072
11/04/2017 9:30,5.843,0.161,19.652,0.567,1.902,1.19,0,0,0.015,0.054,0.072
11/04/2017 10:00,5.348,0.314,21.2,0.812,2,1.06,0,0,1.264,0.706,0.521
11/04/2017 10:30,4.758,0.126,21.712,0.824,1.956,1.248,0,0,1.275,1.115,0.613
11/04/2017 11:00,8.652,0.162,22.268,0.849,1.892,1.203,0,0,1.328,0.779,0.595
11/04/2017 11:30,9.58,0.102,22.332,0.852,1.91,1.215,0,0,1.723,1.183,1.119
11/04/2017 12:00,10.303,0.075,20.6,0.903,1.902,1.148,0,0,1.694,1.162,1.142
11/04/2017 12:30,8.918,0.09,20.432,0.891,1.916,0.958,0,0,1.682,1.142,1.07
11/04/2017 13:00,8.41,0.223,21.08,0.918,2.079,1.198,0,0,1.658,1.125,1.019
11/04/2017 13:30,2.935,0.072,20.528,0.999,1.869,1.23,0,0,1.699,1.148,1.064
11/04/2017 14:00,8.398,0.102,21.04,1.046,1.917,1.488,0,0,1.676,1.292,1.094
11/04/2017 14:30,11.797,0.1,19.192,0.884,1.908,1.085,0.005,0,1.228,0.819,0.851
11/04/2017 15:00,9.953,0.074,18.572,0.245,1.932,1.105,0,0,0.895,0.027,0.12
11/04/2017 15:30,9.205,0.084,18.6,0.304,2.229,1.32,0.002,0,1.273,0.027,0.092
11/04/2017 16:00,7.59,0.125,17.572,0.234,3.191,0.978,0,0,1.268,0.027,0.071
11/04/2017 16:30,4.833,0.112,17.52,0.747,2.52,0.888,0.029,1.457,1.277,0.027,0.071
11/04/2017 17:00,0.185,0.037,17.64,1.188,2.231,1.373,0.153,0.815,1.28,0.028,0.071
11/04/2017 17:30,0.15,0.069,17.872,0.732,2.31,0.835,0.08,1.004,1.292,0.027,0.072
11/04/2017 18:00,0.195,0.111,17.052,0.134,1.682,0.878,0.143,1.382,1.295,0.027,0.071
11/04/2017 18:30,0.233,0.093,17.152,0.125,1.446,0.515,0.135,2.472,1.287,0.028,0.089
11/04/2017 19:00,0.238,0.206,14.94,0.057,1.038,0.315,0.123,0.948,1.285,0.027,0.102
11/04/2017 19:30,0.512,0.128,14.72,0.084,0.474,0.3,0.148,0.731,1.291,0.027,0.1
11/04/2017 20:00,0.223,0.436,14.352,0.06,0.476,0.26,0.135,0.755,1.292,0.027,0.076
11/04/2017 20:30,0.24,0.141,13.78,0.083,0.474,0.585,0.143,0.872,1.295,0.028,0.072
11/04/2017 21:00,0.24,0.134,13.82,0.065,0.476,0.31,0.134,2.116,1.3,0.027,0.052
11/04/2017 21:30,0.223,0.115,13.448,0.078,0.479,0.292,0.134,3.711,1.29,0.028,0.047
11/04/2017 22:00,0.223,0.218,13.208,0.069,0.507,0.278,0.152,0.873,1.289,0.027,0.048
11/04/2017 22:30,0.238,0.268,13.712,0.076,0.507,0.275,0.119,0.374,1.293,0.028,0.062
11/04/2017 23:00,0.23,0.179,13.14,0.071,0.513,0.278,0.135,0.392,1.291,0.027,0.105
11/04/2017 23:30,0.215,0.056,12.02,0.071,0.5,0.3,0.152,0.556,1.296,0.027,0.102
12/04/2017 0:00,0.23,0.04,11.34,0.08,0.474,0.315,0.125,2.034,1.296,0.028,0.095
12/04/2017 0:30,0.233,0.051,10.76,0.068,0.513,0.295,0.135,1.181,1.303,0.028,0.072
12/04/2017 1:00,0.225,0.049,11.66,0.086,0.493,0.323,0.143,0.192,1.302,0.027,0.072
12/04/2017 1:30,0.218,0.028,11.612,0.063,0.509,0.328,0.129,0.207,1.301,0.027,0.071
12/04/2017 2:00,0.5,0.038,9.748,0.086,0.477,0.365,0.14,0.194,1.297,0.028,0.072
12/04/2017 2:30,0.23,0.048,9.768,0.06,0.474,0.63,0.132,0.204,1.286,0.027,0.071
12/04/2017 3:00,0.203,0.048,9.2,0.087,0.473,0.28,0.128,0.191,1.289,0.105,0.078
12/04/2017 3:30,0.228,0.03,8.86,0.056,0.516,0.345,0.137,0.203,1.078,0.129,0.103
12/04/2017 4:00,0.135,0.076,9.212,0.09,0.615,0.28,0.132,0.198,0,0.026,0.093
12/04/2017 4:30,0.103,0.09,12.9,0.056,0.617,0.318,0.128,0.197,0,0.026,0.064
12/04/2017 5:00,0.123,0.031,15.28,0.09,0.617,0.313,0.134,0.198,0,0.026,0.048
12/04/2017 5:30,0.128,0.05,16.732,0.059,0.614,0.288,0.129,1.22,0.001,0.157,0.048
12/04/2017 6:00,0.183,0.05,15.86,0.087,0.615,0.268,0.137,0.287,0,0.026,0.07
12/04/2017 6:30,0.165,0.091,17.22,0.063,0.636,0.295,0.104,0.455,0,0.066,0.072
12/04/2017 7:00,0.143,0.223,17.2,0.084,0.646,1.045,0.015,0.312,0,0.026,0.072
12/04/2017 7:30,0.128,0.251,16.88,0.954,0.649,1.088,0,0.263,0,0.026,0.079
12/04/2017 8:00,2.155,0.051,18.36,1.129,0.646,0.96,0,0.113,0,0.026,0.102
12/04/2017 8:30,9.39,0.013,16.412,1.139,1.736,1.255,0,0,0,0.027,0.1
12/04/2017 9:00,10.11,0.031,20.128,0.272,2.016,0.985,0,0,0,0.026,0.081
12/04/2017 9:30,9.982,0.033,23.36,0.119,2,1.005,0,0.216,0.145,0.234,0.132
12/04/2017 10:00,8.64,0.03,20.568,0.116,2.208,0.965,0.002,0.086,1.268,0.739,0.674
12/04/2017 10:30,5.253,0.013,21.24,0.611,2.546,0.975,0,0,1.282,0.782,0.756
12/04/2017 11:00,7.79,0.025,23.6,0.424,2.632,0.943,0.015,0,1.277,0.745,0.698
12/04/2017 11:30,9.883,0.034,24.14,0.261,2.579,1.155,0,0,1.273,0.745,0.713
12/04/2017 12:00,8.908,0.035,23.36,0.371,2.496,1.27,0,0.047,1.279,0.777,0.72
12/04/2017 12:30,10.303,0.017,21.092,0.407,2.75,1.125,0,0.026,1.279,0.792,0.725
12/04/2017 13:00,9.433,0.018,19.532,0.549,2.562,1.393,0,0.012,1.269,0.781,0.663
12/04/2017 13:30,6.775,0.035,19.332,0.352,2.563,1.058,0.003,0,1.285,0.791,0.687
12/04/2017 14:00,5.565,0.036,18.36,0.289,2.61,1,0,0,1.272,0.79,0.729
12/04/2017 14:30,8.775,0.024,19.06,0.284,2.558,1.08,0.002,0.006,1.256,0.746,0.656
12/04/2017 15:00,9.502,0.015,19.4,0.27,2.667,1.377,0.002,0.091,0.452,0.281,0.314
12/04/2017 15:30,9.193,0.035,17.14,0.266,2.51,1.195,0,0.071,0,0.026,0.084
12/04/2017 16:00,9.115,0.037,15.448,0.063,2.48,1.492,0.003,0.029,0,0.026,0.104
12/04/2017 16:30,8.28,0.027,14.36,0.091,2.43,1.195,0.018,0.329,0.001,0.026,0.1
12/04/2017 17:00,0.18,0.158,14.86,0.066,2.433,0.953,0.075,0.995,0,0.026,0.088
12/04/2017 17:30,0.458,0.119,14.332,0.081,2.345,0.735,0.096,0.96,0,0.026,0.073
12/04/2017 18:00,0.233,0.133,14.372,0.071,1.76,0.333,0.158,1.116,0,0.027,0.072
12/04/2017 18:30,0.248,0.119,13.6,0.072,1.709,0.313,0.186,1.345,0,0.026,0.073
12/04/2017 19:00,0.265,0.109,13.96,0.081,0.924,0.305,0.137,0.657,0,0.026,0.072
12/04/2017 19:30,0.27,0.129,13.792,0.066,0.423,0.268,0.134,0.657,0,0.027,0.073
12/04/2017 20:00,0.255,0.145,13.508,0.08,0.437,0.273,0.14,0.531,0,0.026,0.1
12/04/2017 20:30,0.25,0.174,13.468,0.065,0.42,0.238,0.147,1.119,0,0.027,0.104
12/04/2017 21:00,0.263,0.136,12.84,0.084,0.418,0.585,0.153,3.38,0,0.026,0.098
12/04/2017 21:30,0.265,0.13,12.412,0.063,0.418,0.23,0.132,0.45,0.001,0.026,0.072
12/04/2017 22:00,0.245,0.152,12.332,0.083,0.42,0.275,0.147,2.186,0,0.027,0.073
12/04/2017 22:30,0.253,0.329,13.308,0.059,0.437,0.242,0.141,2.106,0,0.026,0.065
12/04/2017 23:00,0.268,0.306,13.2,0.09,0.461,0.28,0.117,0.361,0,0.026,0.049
12/04/2017 23:30,0.258,0.059,12.792,0.056,0.462,0.233,0.15,0.401,0,0.027,0.048
13/04/2017 0:00,0.51,0.054,12.332,0.091,0.421,0.295,0.132,0.318,0,0.026,0.062
13/04/2017 0:30,0.315,0.059,11.2,0.052,0.434,0.25,0.119,0.287,0,0.027,0.105
13/04/2017 1:00,0.313,0.032,11.52,0.091,0.42,0.26,0.153,0.236,0,0.026,0.102
13/04/2017 1:30,0.3,0.039,12.78,0.057,0.42,0.263,0.14,0.222,0,0.026,0.086
13/04/2017 2:00,0.242,0.052,11.72,0.087,0.461,0.268,0.137,0.243,0.001,0.125,0.072
13/04/2017 2:30,0.268,0.05,10.48,0.054,0.447,0.245,0.134,0.219,0,0.027,0.071
13/04/2017 3:00,0.263,0.029,10.528,0.12,0.459,0.263,0.135,0.573,0,0.152,0.072
13/04/2017 3:30,0.242,0.036,9.74,0.091,0.594,0.532,0.147,0.378,0,0.083,0.071
13/04/2017 4:00,0.147,0.049,10.56,0.104,0.575,0.275,0.125,0.429,0,0.026,0.071
13/04/2017 4:30,0.168,0.048,11.072,0.068,0.563,0.215,0.134,0.468,0,0.026,0.091
13/04/2017 5:00,0.155,0.033,13.62,0.086,0.591,0.283,0.148,0.197,0,0.026,0.101
13/04/2017 5:30,0.147,0.03,14.02,0.06,0.594,0.248,0.119,0.191,0,0.194,0.091
13/04/2017 6:00,0.155,0.048,13.78,0.087,0.564,0.263,0.141,0.197,0,0.026,0.051
13/04/2017 6:30,0.422,0.047,14.812,0.057,0.575,0.268,0.138,0.96,0,0.026,0.048
13/04/2017 7:00,0.158,0.042,16.18,0.09,0.593,0.598,0.071,0.108,0,0.026,0.048
13/04/2017 7:30,0.568,0.054,17.192,0.051,0.593,0.897,0.005,0,0,0.026,0.067
13/04/2017 8:00,3.51,0.372,17.252,0.556,0.593,0.927,0,1.34,0,0.026,0.072
13/04/2017 8:30,6.42,0.112,15.92,0.615,1.469,1.415,0.052,0.845,0,0.026,0.071
13/04/2017 9:00,6.023,0.214,14.432,0.088,1.899,1.33,0,0.002,0.001,0.111,0.096
13/04/2017 9:30,6.065,0.197,14.8,0.075,1.901,0.988,0,0.264,0,0.026,0.102
13/04/2017 10:00,3.563,0.078,17.26,0.186,1.946,1.015,0,0.541,0.602,0.301,0.341
13/04/2017 10:30,4.35,0.101,13.488,0.131,1.89,1.033,0,0.095,1.284,0.669,0.734
13/04/2017 11:00,9.595,0.092,13.288,0.18,1.845,0.92,0.095,0.036,1.282,0.669,0.685
13/04/2017 11:30,10.575,0.073,14.392,0.188,1.925,1.04,0,0.005,1.285,0.669,0.771
13/04/2017 12:00,11.615,0.211,12.948,0.203,1.854,1.188,0.017,0,1.291,0.672,0.732
13/04/2017 12:30,9.013,0.038,12.692,0.206,2.526,0.95,0,0.002,1.279,0.669,0.734
13/04/2017 13:00,9.973,0.057,12.032,0.21,2.94,1.213,0,0,1.285,0.73,0.862
13/04/2017 13:30,4.665,0.125,12.272,0.21,2.825,0.965,0.041,0,1.294,0.672,0.755
13/04/2017 14:00,6.178,0.069,11.672,0.352,2.434,0.775,0.007,0,1.283,0.672,0.689
13/04/2017 14:30,6.133,0.268,11.14,0.211,2.429,0.875,0.022,0.132,1.288,0.672,0.641
13/04/2017 15:00,9.603,0.139,11.42,0.224,2.305,0.853,0.006,0.661,0.733,0.421,0.332
13/04/2017 15:30,10.865,0.112,14.372,0.12,2.116,1.14,0.051,0.35,0,0.026,0.049
13/04/2017 16:00,8.898,0.054,13.06,0.09,1.879,1.523,0.005,0.068,0,0.027,0.076
13/04/2017 16:30,5.405,0.037,9.152,0.093,1.959,1.073,0.012,0.617,0,0.026,0.073
13/04/2017 17:00,0.415,0.03,7.248,0.091,1.965,0.792,0.245,0.84,0,0.027,0.072
13/04/2017 17:30,0.28,0.056,7.352,0.09,1.878,0.48,0.249,1.062,0.001,0.027,0.103
13/04/2017 18:00,0.2,0.018,7.7,0.088,0.667,0.448,0.111,0.618,0,0.027,0.103
13/04/2017 18:30,0.195,0.035,8.1,0.09,0.441,0.275,0.15,0.584,0,0.026,0.101
13/04/2017 19:00,0.3,0.047,8.872,0.088,0.414,0.278,0.14,1.486,0,0.027,0.074
13/04/2017 19:30,0.308,0.021,7.1,0.096,0.417,0.26,0.141,2.622,0,0.027,0.073
13/04/2017 20:00,0.308,0.025,7.372,0.081,0.441,0.323,0.141,3.939,0,0.027,0.073
13/04/2017 20:30,0.482,0.042,7.672,0.098,0.452,0.275,0.138,1.158,0,0.027,0.073
13/04/2017 21:00,0.348,0.035,6.692,0.083,0.437,0.283,0.153,0.734,0.001,0.027,0.072
13/04/2017 21:30,0.198,0.016,8.092,0.09,0.456,0.552,0.125,0.525,0,0.026,0.074
13/04/2017 22:00,0.195,0.027,7.26,0.065,0.416,0.362,0.131,0.629,0,0.027,0.105
13/04/2017 22:30,0.17,0.037,7.22,0.098,0.416,0.28,0.148,1.671,0,0.027,0.101
13/04/2017 23:00,0.19,0.035,7.128,0.102,0.426,0.3,0.116,1.056,0,0.027,0.095
13/04/2017 23:30,0.19,0.016,6.2,0.107,0.418,0.297,0.143,0.822,0,0.027,0.072
14/04/2017 0:00,0.185,0.022,7.432,0.083,0.435,0.255,0.14,0.836,0,0.026,0.053
14/04/2017 0:30,0.175,0.035,8.34,0.099,0.449,0.265,0.122,0.258,0,0.027,0.049
14/04/2017 1:00,0.198,0.034,9.092,0.075,0.43,0.275,0.153,0.251,0,0.027,0.049
14/04/2017 1:30,0.185,0.022,7.2,0.087,0.416,0.248,0.132,0.23,0.001,0.027,0.053
14/04/2017 2:00,0.448,0.014,6.152,0.069,0.434,0.27,0.122,0.241,0,0.026,0.082
14/04/2017 2:30,0.18,0.031,5.672,0.102,0.447,0.245,0.147,0.752,0,0.027,0.105
14/04/2017 3:00,0.188,0.033,6.36,0.073,0.43,0.268,0.135,0.233,0,0.184,0.101
14/04/2017 3:30,0.19,0.032,6.42,0.108,0.434,0.52,0.128,0.231,0,0.071,0.087
14/04/2017 4:00,0.16,0.014,6.712,0.061,0.549,0.242,0.14,0.227,0,0.036,0.071
14/04/2017 4:30,0.183,0.019,6.76,0.09,0.602,0.245,0.129,0.236,0,0.026,0.071
14/04/2017 5:00,0.188,0.031,7.4,0.056,0.57,0.255,0.135,0.225,0,0.076,0.071
14/04/2017 5:30,0.17,0.031,7.228,0.087,0.566,0.21,0.123,0.211,0.001,0.112,0.071
14/04/2017 6:00,0.17,0.026,7.06,0.059,0.563,0.278,0.126,0.213,0,0.026,0.071
14/04/2017 6:30,0.173,0.013,7.452,0.087,0.579,0.208,0.111,0.162,0,0.104,0.081
14/04/2017 7:00,0.083,0.023,7.292,0.061,0.594,0.242,0.018,0.569,0,0.065,0.09
14/04/2017 7:30,0.077,0.03,7.2,0.107,0.6,0.25,0,0,0,0.026,0.077
14/04/2017 8:00,0.12,0.047,6.352,0.075,0.596,0.238,0,0.033,0,0.027,0.056
14/04/2017 8:30,0.463,0.062,6.98,0.095,0.588,0.233,0,0.198,0,0.026,0.047
14/04/2017 9:00,0.177,0.043,6.38,0.057,0.582,0.242,0,0.105,0,0.026,0.067
14/04/2017 9:30,0.568,0.039,6.84,0.101,0.591,0.555,0,0.326,0.001,0.027,0.073
14/04/2017 10:00,0.515,0.019,7.032,0.071,0.597,0.285,0,0.03,0,0.026,0.072
14/04/2017 10:30,0.655,0.019,7.652,0.108,1.332,0.258,0,0,0,0.026,0.071
14/04/2017 11:00,0.31,0.035,7.78,0.072,2.363,0.25,0,0.078,0.001,0.026,0.09
14/04/2017 11:30,0.268,0.035,7.44,0.11,2.196,0.248,0,0.009,0,0.027,0.103
14/04/2017 12:00,0.638,0.024,8.872,0.075,0.831,0.25,0,0.036,0.001,0.026,0.101
14/04/2017 12:30,0.405,0.015,9.26,0.108,0.587,0.225,0,0,0,0.026,0.071
14/04/2017 13:00,0.265,0.031,8.852,0.075,0.591,0.278,0,0,0.001,0.027,0.072
14/04/2017 13:30,0.642,0.035,7.712,0.108,0.578,0.278,0,0,0,0.026,0.072
14/04/2017 14:00,0.285,0.033,7.1,0.083,0.566,0.26,0,0,0.001,0.027,0.071
14/04/2017 14:30,0.25,0.016,7.108,0.098,0.567,0.328,0,0,0,0.026,0.072
14/04/2017 15:00,0.98,0.023,6.98,0.086,0.567,0.292,0,0,0.001,0.027,0.073
14/04/2017 15:30,0.912,0.036,7.048,0.101,0.572,0.253,0.003,0.005,0,0.026,0.104
14/04/2017 16:00,0.17,0.035,7.14,0.086,0.575,0.555,0,0,0,0.028,0.101
14/04/2017 16:30,0.145,0.022,6.82,0.095,0.606,0.26,0,0.995,0.001,0.028,0.09
14/04/2017 17:00,0.16,0.016,7.2,0.09,0.576,0.24,0.017,0.402,0,0.028,0.072
14/04/2017 17:30,0.143,0.034,7.612,0.091,0.57,0.245,0.123,2.058,0,0.028,0.071
14/04/2017 18:00,0.135,0.036,8.292,0.09,0.566,0.25,0.218,0.66,0,0.029,0.072
14/04/2017 18:30,0.44,0.03,9.16,0.111,0.561,0.248,0.17,1.032,0,0.028,0.071
14/04/2017 19:00,0.15,0.015,9.412,0.107,0.558,0.258,0.141,0.606,0,0.029,0.072
14/04/2017 19:30,0.135,0.025,6.772,0.087,0.558,0.23,0.135,0.661,0,0.028,0.088
14/04/2017 20:00,0.155,0.035,5.06,0.076,0.56,0.265,0.156,0.809,0,0.028,0.103
14/04/2017 20:30,0.15,0.033,6.34,0.076,0.556,0.24,0.137,2.797,0.001,0.029,0.101
14/04/2017 21:00,0.138,0.02,6.792,0.075,0.556,0.23,0.12,1.913,0,0.028,0.083
14/04/2017 21:30,0.14,0.014,6.612,0.071,0.556,0.235,0.148,0.297,0,0.028,0.063
14/04/2017 22:00,0.153,0.033,5.472,0.086,0.556,0.443,0.132,0.306,0,0.029,0.048
14/04/2017 22:30,0.147,0.033,6.432,0.071,0.578,0.328,0.125,0.298,0,0.028,0.048
14/04/2017 23:00,0.133,0.032,6.192,0.102,0.6,0.285,0.141,0.292,0,0.028,0.048
14/04/2017 23:30,0.153,0.014,6.54,0.08,0.593,0.295,0.134,0.278,0,0.029,0.056
15/04/2017 0:00,0.155,0.019,9.28,0.093,0.572,0.27,0.132,0.269,0,0.028,0.093
15/04/2017 0:30,0.14,0.032,9.44,0.063,0.556,0.26,0.135,0.284,0,0.029,0.104
15/04/2017 1:00,0.408,0.032,10.7,0.09,0.556,0.242,0.135,0.261,0,0.028,0.1
15/04/2017 1:30,0.155,0.027,7.012,0.054,0.558,0.263,0.137,0.618,0.001,0.028,0.077
15/04/2017 2:00,0.153,0.013,5.62,0.093,0.575,0.248,0.134,0.432,0,0.029,0.072
15/04/2017 2:30,0.13,0.023,6.02,0.057,0.57,0.235,0.135,0.986,0,0.028,0.071
15/04/2017 3:00,0.15,0.03,5.232,0.088,0.556,0.26,0.134,0.971,0,0.252,0.072
15/04/2017 3:30,0.153,0.031,5.88,0.065,0.575,0.242,0.131,0.254,0,0.085,0.071
15/04/2017 4:00,0.143,0.025,6.232,0.108,0.588,0.517,0.144,0.219,0,0.028,0.072
15/04/2017 4:30,0.135,0.065,5.252,0.072,0.63,0.248,0.123,0.227,0.001,0.028,0.092
15/04/2017 5:00,0.15,0.058,5.968,0.105,0.599,0.265,0.131,0.369,0,0.11,0.102
15/04/2017 5:30,0.155,0.028,5.492,0.066,0.575,0.238,0.148,0.67,0,0.23,0.098
15/04/2017 6:00,0.135,0.015,7.34,0.086,0.556,0.313,0.116,0.203,0,0.028,0.071
15/04/2017 6:30,0.13,0.029,7.24,0.066,0.573,0.205,0.116,0.174,0,0.028,0.071
15/04/2017 7:00,0.083,0.033,8.12,0.107,0.587,0.268,0.011,0.003,0,0.028,0.071
15/04/2017 7:30,0.35,0.032,7.26,0.071,0.59,0.203,0,0.417,0,0.029,0.071
15/04/2017 8:00,0.08,0.014,6.932,0.108,0.588,0.652,0,0,0,0.151,0.049
15/04/2017 8:30,0.215,0.018,6.48,0.073,0.587,1.263,0,0.261,0.001,0.065,0.048
15/04/2017 9:00,0.29,0.031,6.58,0.107,0.593,2.038,0,0.676,0,0.026,0.072
15/04/2017 9:30,0.265,0.031,6.26,0.071,0.591,1.27,0,0.007,0,0.026,0.078
15/04/2017 10:00,0.23,0.028,6.452,0.111,0.591,1.198,0,0,0.001,0.027,0.084
15/04/2017 10:30,0.24,0.014,6.96,0.073,0.59,1.543,0,0,0,0.026,0.074
15/04/2017 11:00,0.25,0.022,6.94,0.095,0.517,1.693,0,0.222,0,0.026,0.072
15/04/2017 11:30,0.253,0.032,6.452,0.059,0.504,1.252,0,0,0,0.027,0.072
15/04/2017 12:00,0.225,0.033,7.78,0.095,0.504,1.158,0,0,0.001,0.026,0.072
15/04/2017 12:30,0.215,0.025,8.012,0.054,0.519,1.283,0,0,0,0.027,0.072
15/04/2017 13:00,0.235,0.014,7.892,0.102,0.585,0.78,0,0,0.001,0.026,0.074
15/04/2017 13:30,0.238,0.027,7.92,0.075,0.597,0.723,0,0,0,0.027,0.104
15/04/2017 14:00,0.26,0.033,7.62,0.11,0.594,0.608,0,0,0.001,0.026,0.102
15/04/2017 14:30,0.398,0.035,7.38,0.071,0.576,0.49,0,0,0,0.027,0.095
15/04/2017 15:00,0.09,0.02,6.94,0.116,0.561,0.495,0,0,0.001,0.026,0.072
15/04/2017 15:30,0.083,0.015,6.92,0.104,0.558,0.45,0,0,0,0.026,0.072
15/04/2017 16:00,0.07,0.034,6.72,0.107,0.558,0.443,0.007,0,0,0.027,0.071
15/04/2017 16:30,0.083,0.035,6.52,0.069,0.569,0.42,0,0,0,0.026,0.071
15/04/2017 17:00,0.09,0.031,6.312,0.098,0.56,0.435,0.027,0,0.001,0.027,0.072
15/04/2017 17:30,0.07,0.015,7.572,0.065,0.556,0.352,0.14,0.099,0,0.026,0.081
15/04/2017 18:00,0.143,0.025,8.468,0.086,0.556,0.433,0.141,0.666,0,0.026,0.104
15/04/2017 18:30,0.158,0.034,8.62,0.069,0.6,0.352,0.143,1.545,0,0.027,0.101
15/04/2017 19:00,0.147,0.035,8.488,0.08,0.569,0.463,0.144,0.477,0,0.026,0.089
15/04/2017 19:30,0.143,0.021,7.22,0.075,0.563,0.64,0.143,0.317,0,0.026,0.072
15/04/2017 20:00,0.16,0.015,6.672,0.071,0.56,0.415,0.134,0.381,0,0.027,0.071
15/04/2017 20:30,0.153,0.031,6.772,0.081,0.558,0.278,0.143,0.38,0,0.026,0.068
15/04/2017 21:00,0.14,0.034,5.92,0.071,0.56,0.323,0.131,0.654,0.001,0.026,0.049
15/04/2017 21:30,0.422,0.032,5.868,0.08,0.56,0.228,0.123,0.2,0,0.027,0.049
15/04/2017 22:00,0.155,0.015,5.552,0.065,0.556,0.352,0.147,0.726,0,0.026,0.063
15/04/2017 22:30,0.145,0.018,5.432,0.087,0.556,0.215,0.125,0.194,0,0.027,0.08
15/04/2017 23:00,0.14,0.032,5.828,0.061,0.566,0.323,0.123,0.173,0,0.026,0.104
15/04/2017 23:30,0.153,0.031,4.772,0.086,0.561,0.258,0.15,0.626,0,0.026,0.08
16/04/2017 0:00,0.158,0.028,6.992,0.06,0.556,0.292,0.129,0.137,0,0.027,0.072
16/04/2017 0:30,0.14,0.014,7.68,0.088,0.556,0.258,0.131,0.117,0,0.027,0.073
16/04/2017 1:00,0.145,0.065,7.712,0.059,0.558,0.297,0.144,0.162,0,0.026,0.072
16/04/2017 1:30,0.158,0.073,5.768,0.099,0.57,0.552,0.128,0.117,0.001,0.026,0.072
16/04/2017 2:00,0.15,0.017,5.7,0.063,0.561,0.302,0.137,0.132,0,0.027,0.073
16/04/2017 2:30,0.135,0.026,5.828,0.091,0.573,0.228,0.134,0.174,0,0.026,0.092
16/04/2017 3:00,0.153,0.034,6.8,0.065,0.587,0.318,0.122,0.153,0,0.026,0.102
16/04/2017 3:30,0.153,0.033,5.492,0.096,0.588,0.233,0.141,0.181,0,0.141,0.101
16/04/2017 4:00,0.345,0.017,6.052,0.066,0.587,0.31,0.126,0.211,0,0.095,0.072
16/04/2017 4:30,0.06,0.016,4.54,0.099,0.526,0.29,0.113,1.763,0,0.051,0.071
16/04/2017 5:00,0.083,0.031,5.54,0.056,0.52,0.3,0.147,0.237,0.001,0.027,0.072
16/04/2017 5:30,0.077,0.03,5.808,0.087,0.526,0.295,0.129,0.219,0,0.026,0.071
16/04/2017 6:00,0.068,0.03,7.292,0.069,0.553,0.268,0.114,0.764,0,0.026,0.072
16/04/2017 6:30,0.065,0.013,7.692,0.104,0.591,0.3,0.125,0.216,0,0.032,0.071
16/04/2017 7:00,0.085,0.018,5.88,0.075,0.591,0.512,0.006,0.393,0,0.082,0.077
16/04/2017 7:30,0.075,0.029,6.08,0.104,0.591,0.275,0,0,0,0.027,0.08
16/04/2017 8:00,0.065,0.029,5.392,0.075,0.627,0.258,0,0,0.001,0.026,0.076
16/04/2017 8:30,0.11,0.029,5.948,0.104,0.606,0.283,0,0.06,0,0.026,0.048
16/04/2017 9:00,0.175,0.013,6.76,0.078,0.6,0.22,0,0.029,0,0.027,0.048
16/04/2017 9:30,0.163,0.017,7.412,0.099,0.593,0.31,0,0,0,0.196,0.055
16/04/2017 10:00,0.163,0.03,7.08,0.071,0.573,0.212,0,0,0.001,0.026,0.074
16/04/2017 10:30,0.463,0.029,7.532,0.098,0.465,0.33,0,0,0,0.026,0.072
16/04/2017 11:00,0.18,0.031,6.792,0.12,0.437,0.19,0,0,0.001,0.027,0.071
16/04/2017 11:30,0.165,0.014,7.2,0.105,0.417,0.378,0,0,0,0.026,0.093
16/04/2017 12:00,0.155,0.018,7.92,0.104,0.414,0.228,0,0,0.001,0.026,0.102
16/04/2017 12:30,0.09,0.032,8.172,0.066,0.413,0.328,0,0.033,0,0.027,0.099
16/04/2017 13:00,0.075,0.032,7.732,0.096,0.424,0.218,0,0,0.001,0.026,0.075
16/04/2017 13:30,0.072,0.031,7.04,0.072,0.426,0.613,0,0,0,0.027,0.072
16/04/2017 14:00,0.088,0.016,6.78,0.098,0.429,0.19,0,0,0.001,0.026,0.071
16/04/2017 14:30,0.085,0.022,6.38,0.083,0.423,0.325,0,0,0.001,0.027,0.071
16/04/2017 15:00,0.072,0.034,6.952,0.09,0.43,0.212,0,0,0,0.026,0.072
16/04/2017 15:30,0.13,0.035,7.14,0.091,0.426,0.31,0,0,0,0.026,0.071
16/04/2017 16:00,0.125,0.027,9.16,0.069,0.413,0.208,0,0,0.001,0.027,0.098
16/04/2017 16:30,0.115,0.016,7.7,0.091,0.414,0.3,0,0,0,0.026,0.102
16/04/2017 17:00,0.362,0.263,8.132,0.068,0.411,0.223,0.005,0.111,0,0.027,0.101
16/04/2017 17:30,0.085,0.083,7.92,0.095,0.413,0.315,0.126,0.471,0,0.026,0.075
16/04/2017 18:00,0.14,0.091,7.992,0.06,0.413,0.302,0.134,0.778,0,0.027,0.072
16/04/2017 18:30,0.147,0.133,8.752,0.095,0.413,0.408,0.141,1.83,0.001,0.026,0.072
16/04/2017 19:00,0.165,0.127,8.652,0.068,0.413,0.283,0.148,0.287,0,0.027,0.072
16/04/2017 19:30,0.158,0.159,6.852,0.088,0.411,0.555,0.116,0.225,0,0.026,0.072
16/04/2017 20:00,0.143,0.265,5.56,0.068,0.449,0.273,0.141,0.225,0,0.027,0.065
16/04/2017 20:30,0.153,0.372,6.332,0.083,0.427,0.26,0.152,0.216,0,0.026,0.078
16/04/2017 21:00,0.16,0.157,5.908,0.081,0.42,0.268,0.123,0.219,0,0.027,0.078
16/04/2017 21:30,0.15,0.075,5.412,0.071,0.416,0.242,0.155,0.221,0.001,0.026,0.074
16/04/2017 22:00,0.14,0.056,5.732,0.084,0.414,0.278,0.137,0.192,0,0.027,0.055
16/04/2017 22:30,0.158,0.032,7.02,0.068,0.421,0.225,0.123,0.211,0,0.026,0.075
16/04/2017 23:00,0.158,0.015,6.492,0.09,0.432,0.302,0.145,0.189,0,0.027,0.073
16/04/2017 23:30,0.147,0.034,6.66,0.06,0.413,0.21,0.129,0.793,0,0.026,0.072
17/04/2017 0:00,0.415,0.036,6.452,0.095,0.413,0.335,0.122,0.198,0,0.027,0.072
17/04/2017 0:30,0.155,0.029,8.152,0.052,0.413,0.212,0.141,1.293,0,0.027,0.072
17/04/2017 1:00,0.158,0.014,7.38,0.095,0.411,0.335,0.129,0.21,0.001,0.026,0.103
17/04/2017 1:30,0.133,0.025,5.672,0.06,0.418,0.57,0.129,0.208,0,0.027,0.101
17/04/2017 2:00,0.15,0.032,5.44,0.087,0.421,0.292,0.137,0.658,0,0.026,0.091
17/04/2017 2:30,0.16,0.032,5.5,0.065,0.413,0.25,0.134,0.945,0,0.158,0.072
17/04/2017 3:00,0.147,0.02,5.212,0.086,0.418,0.333,0.134,0.126,0,0.098,0.072
17/04/2017 3:30,0.14,0.013,5.44,0.066,0.42,0.285,0.134,0.125,0,0.102,0.071
17/04/2017 4:00,0.075,0.029,5.32,0.117,0.413,0.28,0.131,0.116,0.001,0.027,0.072
17/04/2017 4:30,0.083,0.03,5.5,0.104,0.413,0.24,0.134,0.123,0,0.087,0.072
17/04/2017 5:00,0.07,0.029,6.632,0.093,0.418,0.268,0.131,0.119,0,0.072,0.071
17/04/2017 5:30,0.063,0.018,7.82,0.078,0.398,0.248,0.132,0.113,0,0.026,0.1
17/04/2017 6:00,0.077,0.012,7.992,0.088,0.367,0.242,0.131,0.119,0,0.087,0.101
17/04/2017 6:30,0.352,0.028,6.66,0.084,0.377,0.238,0.108,0.068,0.001,0.026,0.062
17/04/2017 7:00,0.063,0.029,6.052,0.086,0.398,0.245,0.003,0,0,0.027,0.049
17/04/2017 7:30,0.068,0.027,5.592,0.096,0.449,0.547,0,0,0,0.027,0.048
17/04/2017 8:00,0.083,0.025,5.572,0.086,0.449,0.23,0,0.044,0,0.027,0.048
17/04/2017 8:30,0.16,0.176,6.3,0.098,0.446,0.297,0,0,0.001,0.027,0.049
17/04/2017 9:00,0.448,0.243,6.232,0.083,0.449,0.275,0,0,0,0.026,0.059
17/04/2017 9:30,2.107,0.248,6.4,0.102,0.456,0.278,0,0,0,0.027,0.074
17/04/2017 10:00,2.098,0.32,6.66,0.081,0.484,0.242,0,0,0.001,0.027,0.102
17/04/2017 10:30,2.56,0.099,6.7,0.091,0.45,0.278,0,0,0,0.027,0.102
17/04/2017 11:00,2.005,0.123,6.62,0.063,0.424,0.242,0,0,0.001,0.027,0.093
17/04/2017 11:30,1.478,0.127,8.04,0.093,0.417,0.27,0,0,0,0.027,0.072
17/04/2017 12:00,2.045,0.098,9,0.056,0.416,0.253,0,0,0.001,0.027,0.072
17/04/2017 12:30,0.983,0.118,9.02,0.091,0.446,0.29,0,0,0,0.026,0.072
17/04/2017 13:00,0.308,0.245,8.232,0.057,0.423,0.215,0,0,0.001,0.027,0.071
17/04/2017 13:30,0.098,0.158,6.78,0.093,0.424,0.325,0,0,0,0.027,0.072
17/04/2017 14:00,0.113,0.125,7.108,0.057,0.43,0.505,0,0,0.001,0.026,0.075
17/04/2017 14:30,0.398,0.149,6.952,0.091,0.424,0.295,0,0,0,0.027,0.105
17/04/2017 15:00,0.105,0.159,6.46,0.063,0.414,0.235,0,0,0.001,0.026,0.101
17/04/2017 15:30,0.088,0.237,6.552,0.096,0.426,0.292,0.002,0,0,0.027,0.088
17/04/2017 16:00,0.11,0.132,7.18,0.075,0.443,0.218,0,0,0,0.026,0.071
17/04/2017 16:30,0.113,0.135,7.632,0.081,0.558,0.295,0,0.252,0.001,0.026,0.072
17/04/2017 17:00,0.1,0.037,7.392,0.072,0.556,0.218,0.033,0.344,0,0.027,0.072
17/04/2017 17:30,0.09,0.07,7.56,0.078,0.556,0.308,0.11,1.035,0,0.026,0.071
17/04/2017 18:00,0.18,0.06,8.428,0.075,0.558,0.208,0.123,2.235,0,0.027,0.071
17/04/2017 18:30,0.19,0.038,9.832,0.072,0.558,0.365,0.152,0.516,0,0.026,0.09
17/04/2017 19:00,0.175,0.055,9.072,0.083,0.558,0.263,0.134,0.408,0,0.026,0.103
17/04/2017 19:30,0.165,0.061,7.312,0.065,0.555,0.313,0.131,0.956,0,0.027,0.101
17/04/2017 20:00,0.185,0.051,6,0.088,0.558,0.355,0.145,0.467,0,0.026,0.078
17/04/2017 20:30,0.388,0.037,6.08,0.063,0.558,0.485,0.141,1.145,0.001,0.027,0.072
17/04/2017 21:00,0.242,0.052,6.052,0.086,0.556,0.198,0.145,1.703,0,0.026,0.072
17/04/2017 21:30,0.168,0.057,5.68,0.06,0.566,0.348,0.134,2.527,0,0.027,0.06
17/04/2017 22:00,0.185,0.055,4.98,0.091,0.594,0.285,0.137,2.16,0,0.026,0.048
17/04/2017 22:30,0.188,0.037,6.18,0.056,0.567,0.352,0.152,0.986,0,0.027,0.049
17/04/2017 23:00,0.168,0.043,5.472,0.104,0.563,0.24,0.123,0.204,0,0.026,0.073
17/04/2017 23:30,0.173,0.055,6.26,0.111,0.561,0.273,0.144,0.204,0,0.027,0.085
18/04/2017 0:00,0.188,0.055,6.72,0.102,0.558,0.268,0.135,0.171,0,0.026,0.102
18/04/2017 0:30,0.183,0.046,7.892,0.09,0.578,0.268,0.116,0.171,0,0.027,0.073
18/04/2017 1:00,0.168,0.036,8.92,0.093,0.572,0.263,0.148,0.162,0,0.026,0.072
18/04/2017 1:30,0.173,0.048,6.4,0.06,0.555,0.263,0.129,0.174,0.001,0.026,0.072
18/04/2017 2:00,0.18,0.053,6.492,0.096,0.573,0.508,0.116,0.629,0,0.027,0.072
18/04/2017 2:30,0.185,0.053,6.62,0.071,0.581,0.308,0.147,0.167,0,0.026,0.071
18/04/2017 3:00,0.258,0.039,5.948,0.086,0.56,0.23,0.129,0.153,0,0.026,0.072
18/04/2017 3:30,0.345,0.035,5.948,0.057,0.567,0.302,0.123,0.719,0,0.138,0.1
18/04/2017 4:00,0.11,0.052,5.948,0.09,0.564,0.203,0.144,1.104,0,0.06,0.102
18/04/2017 4:30,0.105,0.051,5.64,0.069,0.582,0.278,0.125,0.137,0,0.072,0.092
18/04/2017 5:00,0.085,0.051,6.16,0.102,0.585,0.235,0.134,0.144,0.001,0.142,0.072
18/04/2017 5:30,0.098,0.037,6.12,0.073,0.537,0.258,0.135,0.119,0,0.074,0.071
18/04/2017 6:00,0.103,0.035,8.94,0.104,0.532,0.24,0.117,0.66,0,0.026,0.071
18/04/2017 6:30,0.108,0.051,11.052,0.075,0.534,0.238,0.126,0.105,0,0.027,0.071
18/04/2017 7:00,0.088,0.05,10.192,0.105,0.567,0.675,0.012,0,0,0.026,0.071
18/04/2017 7:30,0.095,0.051,14.74,0.87,0.594,0.998,0,0.176,1.025,0.519,0.146
18/04/2017 8:00,2.303,0.038,14.272,1.082,0.893,1.293,0.132,2.642,1.286,0.676,0.222
18/04/2017 8:30,3.62,0.035,14.652,1.05,2.019,0.953,0.014,0.306,0.627,0.374,0.178
18/04/2017 9:00,2.92,0.088,12.372,0.301,1.878,0.85,0.012,0.378,0.001,0.027,0.068
18/04/2017 9:30,8.335,0.092,10.488,0.076,2.018,0.873,0.026,0.083,0.324,0.171,0.06
18/04/2017 10:00,8.145,0.04,11.14,0.129,1.91,1.02,0,0,1.265,0.747,0.502
18/04/2017 10:30,7.133,0.058,10.132,0.512,1.899,1.01,0.15,0.138,1.255,0.744,0.553
18/04/2017 11:00,5.223,0.057,10.44,0.807,1.967,1.303,0,0.048,1.271,0.844,0.597
18/04/2017 11:30,5.605,0.046,11.008,0.801,2.136,1.57,0.153,0.158,1.252,0.782,0.499
18/04/2017 12:00,8.113,0.036,11.24,0.786,1.913,1.023,0.227,0.021,1.242,0.78,0.493
18/04/2017 12:30,5.782,0.05,11.432,0.861,1.943,1.318,0.036,0.027,1.253,0.788,0.55
18/04/2017 13:00,4.123,0.055,11.752,0.98,2.061,1.053,0,0,1.26,0.788,0.516
18/04/2017 13:30,1.26,0.056,12.3,0.563,2.162,1.163,0,0,1.256,0.786,0.545
18/04/2017 14:00,2.228,0.039,12.62,0.266,1.947,1.528,0,0,1.256,0.785,0.585
18/04/2017 14:30,4.268,0.038,13.2,0.245,2.078,1.27,0,0,1.255,0.723,0.582
18/04/2017 15:00,5.74,0.056,12.66,0.245,3.174,1.14,0.002,0,1.073,0.597,0.404
18/04/2017 15:30,4.065,0.056,12.232,0.215,3.171,1.075,0,0.091,0.001,0.026,0.093
18/04/2017 16:00,4.275,0.051,12.828,0.093,3.196,1.518,0.015,0.366,0,0.026,0.103
18/04/2017 16:30,2.303,0.166,10.22,0.083,2.732,0.935,0.201,0.246,0,0.026,0.1
18/04/2017 17:00,0.19,0.075,10.448,0.083,2.331,0.95,0.267,0.679,0,0.026,0.095
18/04/2017 17:30,0.143,0.134,10.48,0.088,2.28,0.723,0.443,1.137,0,0.026,0.071
18/04/2017 18:00,0.228,0.093,9.7,0.084,1.791,0.698,0.474,0.802,0,0.027,0.071
18/04/2017 18:30,0.22,0.134,10.54,0.08,0.492,0.605,0.416,0.704,0,0.026,0.071
18/04/2017 19:00,0.46,0.354,12.02,0.069,0.479,0.55,0.386,0.749,0.001,0.027,0.072
18/04/2017 19:30,0.185,0.169,10.808,0.101,0.477,0.422,0.189,0.284,0,0.026,0.072
18/04/2017 20:00,0.198,0.385,9.852,0.105,0.492,0.388,0.137,0.323,0,0.026,0.082
18/04/2017 20:30,0.195,0.156,8.132,0.11,0.507,0.4,0.134,0.317,0,0.027,0.103
18/04/2017 21:00,0.17,0.107,7.352,0.075,0.51,0.657,0.132,0.243,0,0.026,0.101
18/04/2017 21:30,0.185,0.143,8.7,0.09,0.489,0.385,0.147,0.894,0,0.026,0.086
18/04/2017 22:00,0.19,0.229,8.42,0.066,0.49,0.357,0.119,1.415,0,0.027,0.048
18/04/2017 22:30,0.188,0.136,7.74,0.091,0.493,0.362,0.138,1.304,0,0.026,0.048
18/04/2017 23:00,0.17,0.112,7.492,0.063,0.495,0.348,0.156,0.573,0.001,0.027,0.048
18/04/2017 23:30,0.193,0.081,7.292,0.093,0.546,0.378,0.125,0.134,0,0.026,0.049
19/04/2017 0:00,0.195,0.087,7.492,0.059,0.513,0.34,0.137,0.673,0,0.027,0.074
19/04/2017 0:30,0.177,0.035,8.42,0.093,0.49,0.43,0.153,0.122,0,0.027,0.088
19/04/2017 1:00,0.17,0.065,8.8,0.065,0.486,0.335,0.122,0.123,0.001,0.026,0.103
19/04/2017 1:30,0.46,0.044,8.112,0.09,0.501,0.318,0.137,0.137,0,0.026,0.1
19/04/2017 2:00,0.188,0.031,6.672,0.068,0.51,0.35,0.135,0.114,0,0.027,0.081
19/04/2017 2:30,0.18,0.055,8.232,0.083,0.49,0.313,0.116,0.141,0,0.026,0.072
19/04/2017 3:00,0.177,0.054,6.12,0.073,0.484,0.675,0.144,0.113,0,0.026,0.072
19/04/2017 3:30,0.2,0.033,9.272,0.084,0.484,0.328,0.221,0.117,0,0.187,0.071
19/04/2017 4:00,0.19,0.034,9.24,0.073,0.483,0.315,0.161,0.137,0,0.086,0.072
19/04/2017 4:30,0.15,0.051,11.072,0.078,0.487,0.305,0.176,0.113,0,0.075,0.072
19/04/2017 5:00,0.1,0.05,12.36,0.08,0.627,0.32,0.141,0.134,0.001,0.118,0.089
19/04/2017 5:30,0.115,0.035,10.84,0.075,0.627,0.3,0.123,0.638,0,0.026,0.103
19/04/2017 6:00,0.115,0.029,9.76,0.081,0.64,0.268,0.143,0.206,0,0.026,0.099
19/04/2017 6:30,0.103,0.048,17.372,0.056,0.655,0.335,0.108,0.14,0,0.026,0.075
19/04/2017 7:00,0.095,0.274,18.32,0.065,0.658,0.853,0.024,0.002,0,0.063,0.071
19/04/2017 7:30,0.1,0.04,19.372,0.71,0.658,1.208,0,0,0,0.027,0.071
19/04/2017 8:00,1.533,0.08,16.5,1.068,0.878,0.828,0,0.033,0,0.114,0.05
19/04/2017 8:30,4.615,0.165,16.62,1.04,1.953,0.893,0,0.213,0,0.026,0.047
19/04/2017 9:00,7.65,0.068,20.32,1.092,1.952,1.153,0,0,0,0.027,0.048
19/04/2017 9:30,5.163,0.057,19.64,1.071,1.959,1.17,0,0.02,0.727,0.373,0.182
19/04/2017 10:00,5.555,0.246,26.908,1.184,1.895,1.44,0.003,0.032,1.251,0.73,0.547
19/04/2017 10:30,6.3,0.083,24.808,0.213,1.914,0.93,0.024,0.002,1.273,0.794,0.58
19/04/2017 11:00,9.348,0.068,22.2,0.207,1.944,1.11,0,0,1.265,0.804,0.477
19/04/2017 11:30,11.17,0.068,22.22,0.204,1.853,1.008,0,0.014,1.259,0.847,0.638
19/04/2017 12:00,11.698,0.163,22.372,0.239,1.883,1.248,0,0.002,1.257,0.79,0.564
19/04/2017 12:30,7.825,0.269,21.1,0.438,2.351,0.995,0,0.006,1.269,0.794,0.673
19/04/2017 13:00,9.94,0.104,21.08,0.23,3.249,0.915,0,0,1.266,0.791,0.569
19/04/2017 13:30,4.563,0.257,19.44,0.215,2.957,0.975,0,0,1.27,0.787,0.612
19/04/2017 14:00,9.73,0.114,18.508,0.221,2.826,1.21,0,0,1.261,0.784,0.597
19/04/2017 14:30,8.408,0.097,23.14,0.221,2.837,1.14,0.006,0.068,0.699,0.455,0.432
19/04/2017 15:00,10.375,0.161,22.132,0.222,2.708,1.408,0,0.006,0.001,0.026,0.088
19/04/2017 15:30,10.465,0.152,20.968,0.076,2.912,1.045,1.131,0.239,0,0.026,0.073
19/04/2017 16:00,9.338,0.1,18.592,0.105,2.445,1.115,0.523,0.252,0,0.027,0.073
19/04/2017 16:30,7.94,0.119,17.44,1.067,2.369,1.213,1.671,0.137,0,0.026,0.073
19/04/2017 17:00,0.125,0.149,18.06,1.104,2.427,0.993,1.952,0.711,0,0.026,0.073
19/04/2017 17:30,0.113,0.17,18.2,1.101,2.293,0.512,0.404,1.325,0,0.027,0.073
19/04/2017 18:00,0.173,0.206,16.872,0.304,1.638,0.38,0.231,0.696,0,0.026,0.098
19/04/2017 18:30,0.183,0.161,16.008,0.078,0.468,0.295,0.225,0.717,0,0.026,0.104
19/04/2017 19:00,0.195,0.207,14.52,0.061,0.418,0.253,0.227,0.514,0.001,0.027,0.102
19/04/2017 19:30,0.185,0.165,14.052,0.083,0.426,0.29,0.208,1.005,0,0.026,0.075
19/04/2017 20:00,0.45,0.457,10.668,0.065,0.434,0.55,0.129,0.818,0,0.026,0.074
19/04/2017 20:30,0.193,0.155,13.348,0.083,0.441,0.3,0.135,0.705,0,0.027,0.074
19/04/2017 21:00,0.193,0.151,12.7,0.057,0.435,0.223,0.153,0.432,0,0.026,0.074
19/04/2017 21:30,0.18,0.169,13.96,0.084,0.424,0.32,0.138,0.471,0.001,0.026,0.073
19/04/2017 22:00,0.173,0.155,11.812,0.054,0.43,0.212,0.135,0.423,0,0.026,0.077
19/04/2017 22:30,0.193,0.29,11.392,0.09,0.41,0.32,0.145,0.357,0,0.027,0.105
19/04/2017 23:00,0.195,0.354,11.16,0.052,0.437,0.248,0.143,0.767,0,0.026,0.102
19/04/2017 23:30,0.17,0.092,10.62,0.088,0.443,0.315,0.148,0.907,0.001,0.027,0.089
20/04/2017 0:00,0.183,0.041,11.6,0.059,0.432,0.223,0.134,0.233,0,0.026,0.073
20/04/2017 0:30,0.193,0.04,11.88,0.081,0.413,0.302,0.141,0.241,0,0.027,0.056
20/04/2017 1:00,0.188,0.052,12.632,0.061,0.471,0.235,0.153,0.224,0.001,0.026,0.049
20/04/2017 1:30,0.165,0.05,12.62,0.081,0.423,0.263,0.123,0.221,0,0.026,0.049
20/04/2017 2:00,0.18,0.03,9.872,0.063,0.444,0.558,0.147,0.612,0,0.027,0.049
20/04/2017 2:30,0.45,0.036,10.18,0.08,0.44,0.248,0.145,0.276,0,0.026,0.08
20/04/2017 3:00,0.18,0.05,10.648,0.063,0.434,0.27,0.119,0.14,0,0.111,0.106
20/04/2017 3:30,0.17,0.049,10.212,0.075,0.407,0.255,0.153,0.128,0.001,0.058,0.103
20/04/2017 4:00,0.113,0.036,11.44,0.075,0.414,0.292,0.138,0.131,0,0.026,0.083
20/04/2017 4:30,0.105,0.029,16.052,0.068,0.57,0.292,0.119,0.317,0,0.087,0.073
20/04/2017 5:00,0.105,0.049,14.512,0.075,0.55,0.297,0.152,0.51,0,0.026,0.073
20/04/2017 5:30,0.095,0.048,14.12,0.065,0.549,0.22,0.135,0.144,0,0.115,0.072
20/04/2017 6:00,0.145,0.043,16.612,0.078,0.549,0.235,0.12,0.153,0,0.114,0.072
20/04/2017 6:30,0.163,0.17,16.52,0.068,0.553,0.24,0.126,0.148,0,0.062,0.072
20/04/2017 7:00,0.145,0.1,18.98,0.076,0.582,0.823,0.029,0.007,0,0.026,0.088
20/04/2017 7:30,0.105,0.212,18.24,0.638,0.581,1.338,0.003,0.273,0,0.026,0.103
20/04/2017 8:00,2.68,0.08,17.612,1.065,0.578,1.235,0.009,0,0,0.123,0.101
20/04/2017 8:30,9.33,0.073,19.392,0.354,1.287,1.018,0.003,0.002,0,0.026,0.078
20/04/2017 9:00,10.115,0.042,18.56,0.108,1.923,1.36,0.022,0.005,0.001,0.247,0.072
20/04/2017 9:30,9.172,0.034,22.42,0.922,2.027,1.285,0.003,0,0,0.026,0.072
20/04/2017 10:00,9.55,0.027,20.56,1.085,2.081,1.222,0.041,0.114,1.153,0.595,0.416
20/04/2017 10:30,9.09,0.014,19.36,1.059,2.018,1.468,0.141,0.195,1.245,0.811,0.557
20/04/2017 11:00,9.575,0.064,20.648,1.199,2.107,1.01,0.039,0.161,1.359,0.842,0.546
20/04/2017 11:30,8.787,0.074,19.8,1.298,1.967,1.367,0.003,0,1.65,1.173,1.09
20/04/2017 12:00,6.65,0.016,19.4,0.435,1.932,0.99,0,0.002,1.563,1.063,1.024
20/04/2017 12:30,7.14,0.042,18.38,0.143,1.895,1.178,0,0,1.259,0.753,0.548
20/04/2017 13:00,7.375,0.04,17.948,0.239,2.204,1.015,0.009,0,1.292,0.771,0.56
20/04/2017 13:30,2.933,0.085,18.168,0.222,1.979,1.053,0,0,1.765,1.231,1.179
20/04/2017 14:00,8.662,0.123,16.972,0.312,1.996,0.988,0,0,1.739,1.213,1.202
20/04/2017 14:30,7.065,0.034,18.88,0.134,2.313,1.895,0.003,0,1.619,1.085,1.055
20/04/2017 15:00,8.982,0.041,19.08,0.153,2.271,1.133,0.181,0.152,0.143,0.126,0.125
20/04/2017 15:30,8.763,0.085,16.212,0.104,2.15,1.353,0.735,0.176,0.001,0.026,0.079
20/04/2017 16:00,10.633,0.125,16.032,1.037,2.562,1.488,1.732,0.057,0,0.027,0.104
20/04/2017 16:30,6.673,0.188,15.648,1.214,3.347,1.63,1.996,0.772,0,0.027,0.1
20/04/2017 17:00,0.255,0.104,15.648,1.028,2.728,1.428,1.818,1.263,0,0.026,0.087
20/04/2017 17:30,0.173,0.149,13.76,0.068,2.442,1.375,1.058,0.789,0,0.027,0.073
20/04/2017 18:00,0.545,0.15,12.62,0.095,1.571,0.808,0.83,0.726,0,0.027,0.072
20/04/2017 18:30,0.253,0.134,12.66,0.069,0.423,0.675,0.861,0.713,0,0.026,0.073
20/04/2017 19:00,0.245,0.467,12.612,0.095,0.407,0.59,0.804,0.413,0,0.027,0.072
20/04/2017 19:30,0.233,0.201,13.14,0.072,0.401,0.573,0.591,0.444,0,0.027,0.073
20/04/2017 20:00,0.25,0.151,13.288,0.091,0.404,0.608,0.243,1.139,0,0.026,0.091
20/04/2017 20:30,0.245,0.198,13.7,0.072,0.392,0.552,0.153,1.074,0,0.027,0.104
20/04/2017 21:00,0.228,0.182,14.052,0.086,0.393,0.565,0.137,0.481,0.001,0.027,0.101
20/04/2017 21:30,0.228,0.342,12.692,0.084,0.392,0.5,0.159,0.974,0,0.027,0.084
20/04/2017 22:00,0.238,0.337,12.96,0.08,0.395,0.568,0.137,0.5,0,0.027,0.072
20/04/2017 22:30,0.238,0.098,12.7,0.084,0.414,0.448,0.131,0.438,0,0.026,0.073
20/04/2017 23:00,0.215,0.059,13.008,0.073,0.427,0.66,0.138,0.936,0,0.027,0.073
20/04/2017 23:30,0.228,0.052,12.68,0.088,0.404,0.38,0.134,0.335,0,0.027,0.072
21/04/2017 0:00,0.5,0.049,12.22,0.078,0.392,0.415,0.14,0.354,0,0.027,0.073
21/04/2017 0:30,0.228,0.029,11.712,0.087,0.392,0.328,0.137,0.32,0,0.027,0.092
21/04/2017 1:00,0.205,0.036,11.18,0.072,0.402,0.408,0.138,0.378,0.001,0.027,0.104
21/04/2017 1:30,0.223,0.049,12.272,0.095,0.398,0.292,0.138,1.111,0,0.027,0.101
21/04/2017 2:00,0.223,0.047,11.952,0.066,0.435,0.27,0.135,0.148,0,0.027,0.075
21/04/2017 2:30,0.212,0.034,11.332,0.099,0.404,0.27,0.134,0.143,0,0.165,0.073
21/04/2017 3:00,0.2,0.029,12.5,0.065,0.396,0.263,0.14,0.135,0,0.026,0.072
21/04/2017 3:30,0.223,0.046,9.66,0.096,0.395,0.255,0.135,0.123,0,0.126,0.071
21/04/2017 4:00,0.145,0.047,11.48,0.065,0.393,0.28,0.128,0.128,0,0.057,0.072
21/04/2017 4:30,0.128,0.054,15.56,0.093,0.392,0.225,0.14,0.716,0,0.026,0.072
21/04/2017 5:00,0.135,0.074,14.352,0.065,0.408,0.58,0.135,0.129,0.001,0.161,0.094
21/04/2017 5:30,0.145,0.047,16.792,0.099,0.423,0.235,0.129,0.137,0,0.062,0.102
21/04/2017 6:00,0.143,0.053,14.692,0.059,0.423,0.297,0.134,0.195,0,0.027,0.169
21/04/2017 6:30,0.39,0.328,17.76,0.12,0.423,0.26,0.116,0.702,0,0.027,0.217
21/04/2017 7:00,0.135,0.07,16.352,0.113,0.423,0.88,0.048,0.009,0.225,0.167,0.217
21/04/2017 7:30,0.147,0.074,16.852,0.687,0.426,1.465,0.003,0,1.258,0.671,0.218
21/04/2017 8:00,1.305,0.071,16.24,1.254,0.423,1.252,0,0.006,0.448,0.283,0.151
21/04/2017 8:30,3.942,0.061,17.832,1.287,1.486,1.363,0,0,0,0.026,0.071
21/04/2017 9:00,8.18,0.051,17.66,1.269,1.92,1.453,0,0,0,0.026,0.071
21/04/2017 9:30,9.255,0.066,19.372,1.281,2.219,1.178,0,0,0.384,0.198,0.108
21/04/2017 10:00,7.68,0.07,21.62,1.445,2.16,1.418,0,0,1.258,0.695,0.48
21/04/2017 10:30,4.04,0.07,19.292,1.473,2.291,1.508,0,0,1.263,0.719,0.722
21/04/2017 11:00,8.502,0.125,20.152,1.375,2.517,1.17,0.012,0,1.257,0.713,0.692
21/04/2017 11:30,7.765,0.051,18.532,1.413,2.394,1.478,0,0,1.246,0.712,0.543
21/04/2017 12:00,9.873,0.037,19.22,1.469,2.39,1.24,0,0.084,1.25,0.82,0.483
21/04/2017 12:30,8.145,0.026,18.972,1.431,2.346,1.585,0.054,0.071,1.256,0.711,0.506
21/04/2017 13:00,6.23,0.014,17.86,1.382,2.324,1.123,0.032,0.035,1.256,0.712,0.515
21/04/2017 13:30,2.107,0.03,19.68,1.428,2.394,1.278,0.002,0.045,1.264,0.715,0.512
21/04/2017 14:00,4.345,0.035,16.752,1.398,2.324,0.945,0,0,1.266,0.716,0.551
21/04/2017 14:30,9.848,0.034,17.112,1.407,2.498,1.185,0,0,0.955,0.568,0.493
21/04/2017 15:00,9.21,0.015,15.888,1.434,2.558,1.038,0.073,0.087,0,0.026,0.111
21/04/2017 15:30,6.623,0.02,9.02,1.278,2.508,1.232,0.059,0.021,0,0.027,0.085
21/04/2017 16:00,9.38,0.034,7.76,1.008,2.393,1.053,0.095,0.052,0,0.026,0.074
21/04/2017 16:30,7.083,0.035,9.852,0.065,2.728,1.788,0.311,0.493,0,0.027,0.073
21/04/2017 17:00,0.138,0.026,8.892,0.06,2.754,0.878,0.377,1.292,0,0.026,0.073
21/04/2017 17:30,0.125,0.015,8.38,0.168,2.176,0.47,0.489,1.194,0,0.026,0.074
21/04/2017 18:00,0.463,0.028,8.1,0.061,2.115,0.552,0.21,0.762,0,0.027,0.073
21/04/2017 18:30,0.195,0.077,7.94,0.06,1.899,0.51,0.138,1.134,0,0.026,0.097
21/04/2017 19:00,0.188,0.119,7.872,0.068,1.947,0.413,0.161,0.522,0,0.026,0.104
21/04/2017 19:30,0.183,0.107,7.312,0.057,2.168,0.438,0.341,0.56,0,0.027,0.102
21/04/2017 20:00,0.177,0.217,6.14,0.072,1.913,0.413,0.294,0.39,0.001,0.027,0.08
21/04/2017 20:30,0.19,0.288,6.992,0.048,0.726,0.398,0.261,0.261,0,0.027,0.074
21/04/2017 21:00,0.185,0.108,7.86,0.073,0.374,0.708,0.155,0.276,0,0.026,0.073
21/04/2017 21:30,0.175,0.222,7.772,0.052,0.378,0.373,0.12,0.287,0,0.026,0.073
21/04/2017 22:00,0.177,0.132,7.452,0.073,0.402,0.375,0.158,0.684,0,0.027,0.055
21/04/2017 22:30,0.193,0.362,7.492,0.047,0.407,0.388,0.152,0.493,0,0.026,0.05
21/04/2017 23:00,0.183,0.128,8.42,0.076,0.417,0.35,0.117,0.3,0,0.026,0.072
21/04/2017 23:30,0.175,0.111,8.46,0.044,0.404,0.375,0.144,0.276,0,0.026,0.087
22/04/2017 0:00,0.453,0.132,8.92,0.081,0.393,0.373,0.138,0.831,0.001,0.027,0.1
22/04/2017 0:30,0.188,0.081,8.56,0.042,0.39,0.383,0.116,0.281,0,0.027,0.074
22/04/2017 1:00,0.185,0.047,7.392,0.078,0.404,0.4,0.17,0.968,0.001,0.026,0.072
22/04/2017 1:30,0.165,0.039,7.42,0.045,0.402,0.417,0.131,0.176,0,0.026,0.073
22/04/2017 2:00,0.193,0.063,6.02,0.099,0.393,0.333,0.116,0.188,0,0.027,0.072
22/04/2017 2:30,0.188,0.057,7.28,0.091,0.39,0.395,0.148,0.173,0,0.026,0.073
22/04/2017 3:00,0.185,0.037,7.1,0.095,0.413,0.605,0.132,0.18,0,0.145,0.089
22/04/2017 3:30,0.165,0.04,7.48,0.057,0.56,0.318,0.117,0.185,0,0.075,0.104
22/04/2017 4:00,0.113,0.056,6.92,0.078,0.528,0.22,0.145,0.17,0,0.026,0.101
22/04/2017 4:30,0.118,0.055,7.512,0.047,0.526,0.3,0.155,0.438,0.001,0.027,0.078
22/04/2017 5:00,0.092,0.043,7.372,0.08,0.52,0.25,0.131,0.501,0,0.026,0.072
22/04/2017 5:30,0.105,0.048,7.96,0.044,0.52,0.343,0.144,0.204,0,0.026,0.06
22/04/2017 6:00,0.108,0.041,8.092,0.075,0.517,0.25,0.132,0.185,0,0.217,0.049
22/04/2017 6:30,0.11,0.431,7.532,0.044,0.517,0.32,0.116,0.144,0.266,0.187,0.08
22/04/2017 7:00,0.365,0.128,7.792,0.08,0.532,0.215,0.044,0.603,0,0.026,0.049
22/04/2017 7:30,0.1,0.032,6.92,0.042,0.553,0.32,0.005,0,0,0.081,0.086
22/04/2017 8:00,0.115,0.034,5.56,0.076,0.552,0.598,0,0,0.001,0.043,0.105
22/04/2017 8:30,0.105,0.031,6.912,0.047,0.549,2.093,0,0,0,0.026,0.101
22/04/2017 9:00,0.092,0.014,7.68,0.076,0.553,1.335,0,0.03,0,0.026,0.076
22/04/2017 9:30,0.108,0.02,7.62,0.05,0.552,0.985,0,0,0.001,0.027,0.073
22/04/2017 10:00,0.138,0.032,8.312,0.073,0.528,1.703,0,0,0,0.026,0.072
22/04/2017 10:30,0.183,0.033,8.612,0.051,0.549,1.325,0,0,0,0.026,0.072
22/04/2017 11:00,0.158,0.028,8.348,0.073,0.461,1.553,0,0,0.001,0.027,0.072
22/04/2017 11:30,0.188,0.015,8.348,0.057,0.374,1.593,0,0,0,0.026,0.072
22/04/2017 12:00,0.242,0.024,8.408,0.061,0.372,1.07,0,0.168,0.001,0.026,0.096
22/04/2017 12:30,0.24,0.034,9.04,0.063,0.374,1.113,0,0,0,0.027,0.102
22/04/2017 13:00,0.15,0.033,8.592,0.065,0.39,1.193,0,0,0.001,0.026,0.1
22/04/2017 13:30,0.113,0.025,8.632,0.061,0.404,0.67,0.012,0.018,0,0.026,0.077
22/04/2017 14:00,0.367,0.016,7.012,0.059,0.377,0.305,0,0.069,0.001,0.027,0.072
22/04/2017 14:30,0.1,0.029,7.68,0.069,0.374,0.38,0,0.002,0,0.026,0.072
22/04/2017 15:00,0.11,0.035,8.34,0.056,0.39,0.355,0,0.002,0,0.026,0.072
22/04/2017 15:30,0.115,0.038,7.792,0.073,0.444,0.325,0,0,0.001,0.026,0.073
22/04/2017 16:00,0.098,0.017,7.772,0.047,0.39,0.54,0.003,0.56,0.305,0.182,0.086
22/04/2017 16:30,0.09,0.031,8.1,0.08,0.384,0.345,0,0.009,0.001,0.026,0.123
22/04/2017 17:00,0.118,0.079,7.34,0.048,0.389,0.323,0.015,0.778,0,0.026,0.102
22/04/2017 17:30,0.125,0.064,7.672,0.076,0.375,0.28,0.134,0.291,0,0.027,0.101
22/04/2017 18:00,0.17,0.048,7.208,0.042,0.375,0.315,0.132,0.888,0,0.026,0.076
22/04/2017 18:30,0.17,0.038,7.392,0.078,0.374,0.297,0.128,0.281,0,0.026,0.072
22/04/2017 19:00,0.19,0.017,9.02,0.047,0.374,0.31,0.159,0.3,0,0.027,0.072
22/04/2017 19:30,0.183,0.03,8.632,0.078,0.387,0.29,0.137,0.287,0,0.026,0.071
22/04/2017 20:00,0.17,0.038,6.212,0.048,0.378,0.273,0.135,0.297,0.001,0.027,0.049
22/04/2017 20:30,0.433,0.033,7.26,0.072,0.374,0.335,0.145,0.289,0,0.026,0.049
22/04/2017 21:00,0.195,0.016,7.42,0.056,0.375,0.248,0.135,1.065,0,0.027,0.079
22/04/2017 21:30,0.177,0.023,6.5,0.078,0.374,0.323,0.158,0.413,0,0.026,0.091
22/04/2017 22:00,0.16,0.034,6.68,0.081,0.372,0.43,0.137,0.294,0,0.026,0.1
22/04/2017 22:30,0.183,0.033,6.552,0.087,0.374,0.433,0.134,0.284,0,0.026,0.073
22/04/2017 23:00,0.183,0.023,6.8,0.093,0.378,0.305,0.138,0.318,0,0.026,0.072
22/04/2017 23:30,0.183,0.014,6.712,0.052,0.372,0.288,0.134,0.309,0,0.027,0.073
23/04/2017 0:00,0.16,0.028,5.928,0.078,0.374,0.313,0.131,1.601,0.001,0.026,0.072
23/04/2017 0:30,0.175,0.032,6.72,0.045,0.374,0.308,0.144,0.831,0,0.027,0.073
23/04/2017 1:00,0.188,0.032,6.96,0.076,0.377,0.318,0.138,0.137,0,0.026,0.072
23/04/2017 1:30,0.177,0.019,7.692,0.05,0.402,0.333,0.128,0.114,0.001,0.026,0.105
23/04/2017 2:00,0.168,0.014,6.94,0.075,0.405,0.31,0.132,0.123,0,0.027,0.102
23/04/2017 2:30,0.173,0.03,9.06,0.048,0.404,0.378,0.128,0.11,0,0.026,0.095
23/04/2017 3:00,0.297,0.03,7.472,0.073,0.404,0.268,0.131,0.105,0,0.026,0.065
23/04/2017 3:30,0.325,0.03,6.512,0.054,0.444,0.273,0.129,0.096,0,0.026,0.049
23/04/2017 4:00,0.085,0.018,6.66,0.065,0.416,0.588,0.147,0.098,0,0.159,0.049
23/04/2017 4:30,0.1,0.013,6.42,0.056,0.408,0.275,0.137,0.49,0,0.026,0.049
23/04/2017 5:00,0.11,0.03,6.872,0.068,0.378,0.343,0.131,0.383,0.001,0.142,0.06
23/04/2017 5:30,0.095,0.03,6.52,0.054,0.389,0.292,0.114,0.556,0,0.245,0.074
23/04/2017 6:00,0.083,0.029,6.432,0.065,0.405,0.253,0.147,0.093,0,0.062,0.101
23/04/2017 6:30,0.11,0.018,6.58,0.059,0.52,0.318,0.183,0.086,0,0.026,0.102
23/04/2017 7:00,0.103,0.013,6.612,0.061,0.546,0.208,0.073,0.002,0,0.026,0.092
23/04/2017 7:30,0.103,0.029,6.46,0.061,0.55,0.32,0.002,0,0.001,0.062,0.072
23/04/2017 8:00,0.083,0.029,5.112,0.06,0.5,0.238,0,0,0,0.026,0.072
23/04/2017 8:30,0.1,0.029,8.132,0.059,0.495,0.278,0,0,0,0.026,0.072
23/04/2017 9:00,0.113,0.019,9.292,0.063,0.501,0.29,0,0.125,0,0.026,0.059
23/04/2017 9:30,0.095,0.013,8.96,0.065,0.5,0.245,0,0,0.001,0.027,0.049
23/04/2017 10:00,0.35,0.028,8.2,0.056,0.558,0.455,0,0,0,0.026,0.049
23/04/2017 10:30,0.115,0.03,7.66,0.066,0.558,0.39,0,0,0,0.027,0.077
23/04/2017 11:00,0.105,0.031,7.76,0.06,0.417,0.297,0,0,0.001,0.026,0.105
23/04/2017 11:30,0.1,0.022,7.94,0.066,0.375,0.253,0,0,0,0.027,0.099
23/04/2017 12:00,0.088,0.014,7.552,0.056,0.38,0.283,0,0,0.001,0.026,0.073
23/04/2017 12:30,0.115,0.027,7.512,0.075,0.405,0.273,0,0,0,0.027,0.073
23/04/2017 13:00,0.103,0.032,7.632,0.05,0.392,0.288,0,0,0.001,0.026,0.072
23/04/2017 13:30,0.1,0.043,7.372,0.076,0.392,0.26,0,0,0,0.027,0.073
23/04/2017 14:00,0.092,0.065,6.372,0.047,0.405,0.295,0,0,0.001,0.026,0.072
23/04/2017 14:30,0.11,0.066,7.58,0.083,0.378,0.288,0,0,0.148,0.075,0.073
23/04/2017 15:00,0.108,0.023,8.252,0.044,0.392,0.24,0,0,0.328,0.22,0.159
23/04/2017 15:30,0.1,0.022,8.612,0.078,0.392,0.338,0,0,0.001,0.026,0.103
23/04/2017 16:00,0.092,0.04,8.26,0.044,0.389,0.22,0,0,0,0.027,0.093
23/04/2017 16:30,0.113,0.039,8.112,0.084,0.377,0.588,0,0.129,0,0.026,0.072
23/04/2017 17:00,0.373,0.018,7.812,0.041,0.387,0.26,0.021,0.204,0,0.027,0.073
23/04/2017 17:30,0.105,0.02,7.712,0.108,0.417,0.365,0.125,0.465,0,0.026,0.072
23/04/2017 18:00,0.168,0.036,7.168,0.087,0.386,0.292,0.128,0.575,0.001,0.026,0.073
23/04/2017 18:30,0.19,0.036,6.872,0.093,0.378,0.348,0.153,0.267,0,0.027,0.071
23/04/2017 19:00,0.177,0.024,6.792,0.059,0.377,0.295,0.129,0.276,0,0.026,0.083
23/04/2017 19:30,0.168,0.016,6.48,0.076,0.375,0.318,0.14,0.276,0,0.027,0.104
23/04/2017 20:00,0.177,0.03,5.54,0.048,0.375,0.225,0.15,0.281,0,0.026,0.102
23/04/2017 20:30,0.193,0.035,8.348,0.081,0.375,0.357,0.129,0.273,0,0.026,0.089
23/04/2017 21:00,0.175,0.033,7.492,0.042,0.375,0.285,0.14,0.272,0,0.027,0.072
23/04/2017 21:30,0.17,0.016,7.48,0.078,0.374,0.313,0.144,0.758,0,0.026,0.057
23/04/2017 22:00,0.177,0.018,8.26,0.048,0.374,0.248,0.126,0.312,0.001,0.027,0.049
23/04/2017 22:30,0.205,0.033,7.792,0.073,0.374,0.613,0.165,0.306,0,0.027,0.05
23/04/2017 23:00,0.233,0.032,7.372,0.052,0.374,0.235,0.138,0.918,0,0.026,0.049
23/04/2017 23:30,0.278,0.029,6.92,0.068,0.375,0.313,0.117,0.471,0,0.027,0.083
24/04/2017 0:00,0.388,0.014,6.592,0.056,0.374,0.27,0.153,0.197,0,0.026,0.106
24/04/2017 0:30,0.183,0.023,6.852,0.071,0.387,0.263,0.134,0.207,0,0.027,0.103
24/04/2017 1:00,0.183,0.031,6.632,0.054,0.377,0.302,0.117,0.189,0.001,0.026,0.085
24/04/2017 1:30,0.173,0.031,5.928,0.065,0.387,0.275,0.147,0.195,0,0.026,0.073
24/04/2017 2:00,0.163,0.025,5.3,0.06,0.36,0.28,0.148,0.749,0,0.027,0.072
24/04/2017 2:30,0.188,0.013,7.12,0.06,0.357,0.288,0.125,0.168,0,0.169,0.072
24/04/2017 3:00,0.175,0.024,6.472,0.065,0.465,0.25,0.141,0.176,0,0.055,0.073
24/04/2017 3:30,0.17,0.03,6.22,0.057,0.512,0.313,0.116,0.162,0,0.088,0.059
24/04/2017 4:00,0.092,0.029,6.732,0.061,0.552,0.225,0.14,0.728,0,0.026,0.059
24/04/2017 4:30,0.103,0.024,8.092,0.059,0.549,0.573,0.132,0.222,0.001,0.026,0.08
24/04/2017 5:00,0.103,0.012,7.58,0.063,0.546,0.285,0.114,0.176,0,0.193,0.077
24/04/2017 5:30,0.1,0.024,8.052,0.057,0.547,0.253,0.168,0.195,0,0.026,0.074
24/04/2017 6:00,0.085,0.029,11.032,0.061,0.546,0.283,0.122,0.666,0,0.026,0.073
24/04/2017 6:30,0.362,0.029,14.752,0.061,0.549,0.448,0.117,0.178,0,0.026,0.072
24/04/2017 7:00,0.113,0.024,13.9,0.057,0.573,0.748,0.015,0.005,1.076,0.545,0.17
24/04/2017 7:30,0.098,0.012,12.86,0.183,0.567,0.828,0,0,1.031,0.576,0.218
24/04/2017 8:00,1.685,0.022,10.072,1.227,0.675,1.25,0,0,0,0.026,0.071
24/04/2017 8:30,3.718,0.029,9.312,1.566,1.706,1.18,0,0.102,0,0.027,0.086
24/04/2017 9:00,4.567,0.029,9.74,1.401,1.794,0.958,0,0,0,0.026,0.103
24/04/2017 9:30,6.258,0.027,13.06,1.322,2.009,1.143,0,0,0.281,0.144,0.107
24/04/2017 10:00,7.535,0.013,12.112,1.494,1.908,1.288,0,0,1.252,0.709,0.531
24/04/2017 10:30,5,0.063,12.02,1.854,1.928,1.438,0,0,1.253,0.824,0.525
24/04/2017 11:00,8.393,0.073,14.692,2.082,1.871,1.31,0,0,1.234,0.789,0.634
24/04/2017 11:30,11.368,0.018,14.2,1.878,1.842,1.178,0.003,0.052,1.233,0.93,0.558
24/04/2017 12:00,9.717,0.029,14.74,1.958,1.82,1.153,0.237,0.208,1.231,0.838,0.582
24/04/2017 12:30,9.488,0.036,13.168,1.914,2.019,1.053,0.011,0.148,1.232,0.914,0.595
24/04/2017 13:00,6.845,0.035,15,2.293,1.848,1.03,0,0,1.239,0.864,0.581
24/04/2017 13:30,4.105,0.017,13.92,2.198,1.961,1.08,0,0,1.241,0.785,0.597
24/04/2017 14:00,7.885,0.02,12.5,2.222,1.842,1.127,0,0,1.244,0.785,0.682
24/04/2017 14:30,9.172,0.036,13.008,2.034,1.899,1.29,0.005,0.162,1.237,0.766,0.549
24/04/2017 15:00,8.005,0.036,12.532,2.105,1.865,1.228,0.002,0.005,0.271,0.191,0.212
24/04/2017 15:30,8.367,0.025,12.968,2.164,3.712,1.37,0.084,0.101,0,0.026,0.071
24/04/2017 16:00,9.085,0.016,13.028,1.959,2.718,1.398,0.318,1.374,0,0.026,0.072
24/04/2017 16:30,7.708,0.03,11.72,1.964,2.568,1.203,0.26,0.538,0,0.026,0.093
24/04/2017 17:00,0.19,0.1,12.452,1.947,2.398,1.16,0.287,0.86,0,0.026,0.103
24/04/2017 17:30,0.355,0.059,11.9,1.976,2.267,0.873,0.372,0.737,0,0.027,0.101
24/04/2017 18:00,0.18,0.255,13.94,1.609,2.154,0.808,0.269,0.62,0,0.026,0.079
24/04/2017 18:30,0.173,0.156,14.792,1.394,1.073,0.565,0.177,0.596,0,0.026,0.072
24/04/2017 19:00,0.19,0.354,13.22,0.088,0.434,0.443,0.174,1.127,0,0.027,0.072
24/04/2017 19:30,0.188,0.195,11.1,0.052,0.443,0.338,0.203,0.643,0,0.027,0.073
24/04/2017 20:00,0.177,0.558,8.368,0.087,0.432,0.41,0.32,0.453,0.001,0.026,0.072
24/04/2017 20:30,0.17,0.118,8.36,0.054,0.471,0.422,0.165,0.468,0,0.026,0.072
24/04/2017 21:00,0.188,0.34,7.42,0.087,0.44,0.398,0.18,0.427,0,0.027,0.096
24/04/2017 21:30,0.188,0.375,7.46,0.06,0.435,0.645,0.148,0.441,0,0.026,0.104
24/04/2017 22:00,0.177,0.096,6.372,0.08,0.435,0.408,0.183,0.414,0,0.026,0.101
24/04/2017 22:30,0.175,0.027,6.892,0.065,0.444,0.41,0.18,0.44,0,0.027,0.067
24/04/2017 23:00,0.185,0.033,7.56,0.08,0.434,0.448,0.145,0.333,0,0.027,0.05
24/04/2017 23:30,0.448,0.047,7.068,0.071,0.43,0.463,0.17,0.168,0,0.026,0.048
25/04/2017 0:00,0.173,0.025,7.58,0.073,0.443,0.468,0.168,0.131,0.001,0.027,0.049
25/04/2017 0:30,0.173,0.019,9.98,0.078,0.43,0.35,0.147,0.14,0,0.027,0.061
25/04/2017 1:00,0.185,0.062,9.252,0.065,0.429,0.417,0.2,0.122,0,0.026,0.074
25/04/2017 1:30,0.188,0.074,7.492,0.084,0.43,0.43,0.152,0.145,0.001,0.026,0.095
25/04/2017 2:00,0.168,0.024,7.66,0.065,0.429,0.378,0.156,0.689,0,0.027,0.103
25/04/2017 2:30,0.175,0.045,7.268,0.087,0.43,0.403,0.257,0.413,0,0.026,0.101
25/04/2017 3:00,0.19,0.026,7.032,0.06,0.429,0.698,0.192,0.32,0,0.027,0.076
25/04/2017 3:30,0.185,0.014,6.752,0.088,0.429,0.352,0.2,0.689,0,0.149,0.072
25/04/2017 4:00,0.09,0.037,6.24,0.06,0.512,0.408,0.18,0.145,0,0.13,0.073
25/04/2017 4:30,0.103,0.034,6.7,0.09,0.606,0.393,0.168,0.125,0,0.08,0.057
25/04/2017 5:00,0.108,0.015,6.74,0.054,0.605,0.348,0.161,0.152,0.001,0.027,0.049
25/04/2017 5:30,0.108,0.02,6.892,0.091,0.606,0.43,0.159,0.123,0,0.026,0.049
25/04/2017 6:00,0.352,0.033,7.168,0.06,0.605,0.365,0.161,0.126,0,0.026,0.072
25/04/2017 6:30,0.108,0.032,7.068,0.087,0.605,0.345,0.14,0.081,0,0.027,0.097
25/04/2017 7:00,0.103,0.011,8.54,0.054,0.596,0.422,0.02,0,0,0.026,0.089
25/04/2017 7:30,0.108,0.03,9.152,0.078,0.553,0.36,0,0,0,0.026,0.072
25/04/2017 8:00,0.085,0.55,8.58,0.045,0.552,0.373,0,0,0.001,0.026,0.073
25/04/2017 8:30,0.108,0.156,8.272,0.113,0.552,0.348,0,0,0,0.027,0.071
25/04/2017 9:00,0.108,0.144,8.02,0.086,0.609,0.645,0,0,0,0.026,0.073
25/04/2017 9:30,0.103,0.243,7.832,0.09,0.611,0.383,0,0,0.001,0.026,0.072
25/04/2017 10:00,0.092,0.087,7.492,0.051,0.649,0.343,0,0,0,0.027,0.072
25/04/2017 10:30,0.108,0.098,7.672,0.081,0.617,0.395,0,0,0,0.026,0.095
25/04/2017 11:00,0.108,0.084,8.14,0.048,0.582,0.338,0.113,0,0.001,0.026,0.103
25/04/2017 11:30,0.105,0.043,8.348,0.076,0.579,0.445,1.136,0,0,0.097,0.1
25/04/2017 12:00,0.09,0.052,8.4,0.054,0.579,0.315,0.423,0,0.001,0.027,0.078
25/04/2017 12:30,0.38,0.068,8.092,0.069,0.582,0.458,0.084,0,0,0.026,0.072
25/04/2017 13:00,0.11,0.055,8.18,0.06,0.609,0.313,0,0.015,0.001,0.027,0.072
25/04/2017 13:30,0.098,0.225,8.272,0.065,0.608,0.44,0,0,0,0.026,0.052
25/04/2017 14:00,0.095,0.121,9.132,0.061,0.593,0.365,0,0,0.001,0.026,0.05
25/04/2017 14:30,0.115,0.1,9.432,0.063,0.576,0.498,0,0,0,0.027,0.054
25/04/2017 15:00,0.11,0.073,8.892,0.068,0.578,0.642,0,0,0,0.026,0.073
25/04/2017 15:30,0.098,0.158,8.652,0.052,0.588,0.425,0,0,0.001,0.026,0.106
25/04/2017 16:00,0.1,0.201,7.6,0.075,0.575,0.395,0,0,0,0.027,0.102
25/04/2017 16:30,0.108,0.13,7.248,0.048,0.572,0.395,0,0.011,0,0.026,0.092
25/04/2017 17:00,0.105,0.108,8.508,0.08,0.57,0.35,0.065,0.287,0,0.026,0.072
25/04/2017 17:30,0.193,0.089,8.9,0.044,0.573,0.365,0.134,0.332,0.001,0.026,0.073
25/04/2017 18:00,0.223,0.147,9.152,0.076,0.573,0.38,0.183,0.438,0,0.026,0.072
25/04/2017 18:30,0.193,0.168,9.432,0.047,0.588,0.373,0.159,0.437,0,0.027,0.072
25/04/2017 19:00,0.19,0.378,8.94,0.075,0.572,0.378,0.152,0.903,0,0.026,0.072
25/04/2017 19:30,0.463,0.297,8.348,0.05,0.573,0.417,0.178,0.427,0,0.027,0.074
25/04/2017 20:00,0.17,0.253,7.24,0.073,0.576,0.38,0.167,0.444,0,0.026,0.106
25/04/2017 20:30,0.18,0.166,8.64,0.056,0.573,0.35,0.176,0.427,0,0.026,0.103
25/04/2017 21:00,0.193,0.37,8.572,0.068,0.573,0.365,0.176,1.647,0,0.027,0.1
25/04/2017 21:30,0.185,0.069,8.408,0.059,0.587,0.708,0.164,1.587,0,0.026,0.076
25/04/2017 22:00,0.177,0.026,7.3,0.063,0.612,0.4,0.156,1.407,0.001,0.026,0.072
25/04/2017 22:30,0.18,0.031,7.14,0.068,0.588,0.36,0.164,0.405,0,0.027,0.073
25/04/2017 23:00,0.188,0.048,7.672,0.056,0.59,0.41,0.158,0.318,0,0.026,0.072
25/04/2017 23:30,0.188,0.023,7.292,0.069,0.587,0.357,0.177,0.261,0,0.026,0.062
26/04/2017 0:00,0.18,0.025,8.44,0.057,0.585,0.45,0.159,0.18,0,0.027,0.05
26/04/2017 0:30,0.173,0.043,9.212,0.072,0.576,0.35,0.156,0.156,0,0.027,0.069
26/04/2017 1:00,0.188,0.032,8.24,0.051,0.57,0.422,0.156,0.168,0,0.026,0.08
26/04/2017 1:30,0.188,0.013,7.78,0.075,0.575,0.36,0.159,0.155,0.001,0.026,0.103
26/04/2017 2:00,0.173,0.039,8.94,0.044,0.603,0.422,0.158,0.143,0,0.026,0.081
26/04/2017 2:30,0.44,0.039,8.272,0.081,0.608,0.4,0.185,0.111,0,0.027,0.073
26/04/2017 3:00,0.193,0.02,7.832,0.044,0.62,0.383,0.159,0.608,0,0.026,0.073
26/04/2017 3:30,0.185,0.023,7.72,0.078,0.617,0.72,0.159,0.141,0,0.116,0.073
26/04/2017 4:00,0.103,0.038,7.352,0.057,0.603,0.408,0.162,0.128,0,0.194,0.072
26/04/2017 4:30,0.09,0.035,10.32,0.093,0.617,0.385,0.159,0.125,0,0.084,0.073
26/04/2017 5:00,0.11,0.013,12.14,0.093,0.617,0.37,0.159,0.114,0,0.026,0.081
26/04/2017 5:30,0.108,0.032,11.12,0.076,0.615,0.4,0.158,0.468,0.001,0.096,0.104
26/04/2017 6:00,0.103,0.037,18.268,0.06,0.573,0.46,0.178,0.935,0,0.026,0.101
26/04/2017 6:30,0.09,0.027,20.192,0.065,0.547,0.367,0.123,0.075,0,0.094,0.088
26/04/2017 7:00,0.11,0.014,17.512,0.065,0.563,0.755,0.02,0,0,0.026,0.051
26/04/2017 7:30,0.11,0.353,16.912,0.08,0.561,1.25,0.018,0,0,0.026,0.048
26/04/2017 8:00,1.918,0.226,16.42,1.236,0.638,1.115,0.017,0,0,0.026,0.048
26/04/2017 8:30,5.487,0.048,19.22,0.87,2.075,1.235,0.014,0.887,0,0.026,0.055
26/04/2017 9:00,5.69,0.066,19.612,0.306,1.986,1.423,0.002,0.144,0,0.127,0.074
26/04/2017 9:30,4.91,0.058,18.84,0.276,2.48,1.04,0.208,0.279,0.293,0.16,0.11
26/04/2017 10:00,7.35,0.088,19.852,0.309,2.379,1.268,0.171,0.64,1.253,0.746,0.718
26/04/2017 10:30,6.925,0.206,19.752,0.378,2.433,1.075,0.153,0.737,1.252,0.943,0.572
26/04/2017 11:00,8.422,0.108,21.14,1.244,2.417,1.333,0.131,0.509,1.246,0.987,0.568
26/04/2017 11:30,8.255,0.254,22.04,0.355,2.291,1.235,0.098,0.461,1.251,0.89,0.59
26/04/2017 12:00,6.735,0.15,22.132,0.298,2.429,1.21,0.188,0.676,1.254,0.787,0.587
26/04/2017 12:30,5.19,0.176,20.752,0.295,2.396,1.31,0.15,0.487,1.265,0.795,0.574
26/04/2017 13:00,7.01,0.347,18.28,0.288,2.601,1.48,0.159,0.657,1.257,0.796,0.554
26/04/2017 13:30,2.255,0.174,17.988,0.32,2.42,2.14,0.228,1.386,1.259,0.789,0.631
26/04/2017 14:00,4.907,0.165,18.38,0.254,2.333,1.685,0.14,1.401,1.259,0.79,0.613
26/04/2017 14:30,5.263,0.096,17.3,0.2,2.454,1.663,0.144,0.704,1.26,0.752,0.631
26/04/2017 15:00,5.023,0.068,19.532,0.75,2.513,2.418,0.218,1.48,1.26,0.67,0.558
26/04/2017 15:30,10.3,0.023,19.7,1.262,2.51,2.04,0.116,0.503,1.25,0.669,0.556
26/04/2017 16:00,11.008,0.048,19.052,1.208,2.279,2.018,0.227,0.3,1.005,0.571,0.534
26/04/2017 16:30,10.285,0.022,19.18,0.708,2.466,1.968,1.086,0.372,0,0.026,0.073
26/04/2017 17:00,1.438,0.021,16.912,0.054,2.51,1.415,1.932,0.924,0,0.026,0.06
26/04/2017 17:30,0.168,0.041,16.02,0.084,2.269,1.252,1.749,1.107,0,0.027,0.048
26/04/2017 18:00,0.17,0.026,15.648,0.052,1.839,1.035,1.056,1.065,0,0.026,0.049
26/04/2017 18:30,0.18,0.013,14.172,0.09,1.637,0.88,0.207,1.479,0,0.026,0.071
26/04/2017 19:00,0.193,0.038,13.16,0.052,1.64,1.12,0.224,0.752,0.001,0.027,0.104
26/04/2017 19:30,0.185,0.036,13.48,0.081,1.523,0.748,0.201,0.321,0,0.026,0.1
26/04/2017 20:00,0.168,0.01,12.692,0.059,0.432,0.78,0.147,0.315,0,0.026,0.073
26/04/2017 20:30,0.193,0.029,12.6,0.086,0.444,0.728,0.162,0.377,0,0.027,0.073
26/04/2017 21:00,0.188,0.037,12.828,0.06,0.413,0.708,0.137,0.747,0,0.026,0.072
26/04/2017 21:30,0.173,0.02,11.672,0.075,0.414,0.713,0.128,1.479,0,0.027,0.071
26/04/2017 22:00,0.18,0.016,12.808,0.066,0.413,0.67,0.153,1.128,0,0.026,0.072
26/04/2017 22:30,0.19,0.035,11.692,0.076,0.413,0.685,0.117,0.272,0,0.027,0.072
26/04/2017 23:00,0.427,0.033,11.112,0.065,0.423,0.585,0.138,0.26,0.001,0.026,0.098
26/04/2017 23:30,0.19,0.009,10.788,0.111,0.43,0.625,0.156,0.208,0,0.026,0.102
27/04/2017 0:00,0.18,0.027,10.16,0.104,0.444,0.563,0.131,1.301,0,0.027,0.1
27/04/2017 0:30,0.19,0.034,12.02,0.088,0.435,0.68,0.147,0.936,0,0.027,0.063
27/04/2017 1:00,0.265,0.023,13.6,0.061,0.414,0.683,0.128,0.174,0,0.026,0.049
27/04/2017 1:30,0.22,0.01,11.212,0.081,0.429,0.498,0.128,0.155,0.001,0.026,0.048
27/04/2017 2:00,0.185,0.06,9.38,0.065,0.464,0.527,0.148,0.71,0,0.027,0.049
27/04/2017 2:30,0.185,0.072,8.7,0.075,0.421,0.45,0.117,0.171,0,0.026,0.064
27/04/2017 3:00,0.188,0.026,10.08,0.069,0.416,0.473,0.137,0.147,0,0.142,0.073
27/04/2017 3:30,0.173,0.04,9.16,0.073,0.413,0.478,0.152,0.108,0,0.067,0.086
27/04/2017 4:00,0.09,0.021,11.22,0.072,0.413,0.435,0.125,0.119,0,0.027,0.104
27/04/2017 4:30,0.115,0.015,13.532,0.069,0.413,0.413,0.129,0.104,0.001,0.152,0.101
27/04/2017 5:00,0.103,0.034,14.032,0.071,0.416,0.468,0.129,0.123,0,0.165,0.081
27/04/2017 5:30,0.373,0.032,13.892,0.069,0.461,0.393,0.129,0.177,0,0.027,0.056
27/04/2017 6:00,0.088,0.007,12.772,0.073,0.555,0.42,0.111,0.778,0,0.026,0.049
27/04/2017 6:30,0.103,0.025,17.68,0.065,0.504,0.688,0.131,0.79,0,0.026,0.049
27/04/2017 7:00,0.115,0.031,16.46,0.073,0.526,0.948,0.006,0,0,0.026,0.048
27/04/2017 7:30,0.088,0.021,16.032,0.417,0.535,0.86,0,0,0,0.202,0.057
27/04/2017 8:00,2.183,0.009,16.352,1.232,0.575,0.965,0,0,0,0.038,0.075
27/04/2017 8:30,4.115,0.03,17.54,1.244,1.392,0.98,0,0,0,0.275,0.103
27/04/2017 9:00,5.978,0.029,18.02,1.238,1.914,1.107,0,0,0.001,0.026,0.101
27/04/2017 9:30,5.355,0.014,20.128,1.227,1.989,0.938,0,0,0.281,0.276,0.092
27/04/2017 10:00,4.838,0.016,19.9,1.232,2.088,1.01,0,0,1.254,0.67,0.426
27/04/2017 10:30,1.398,0.03,19.7,1.161,1.995,1.275,0,0,1.264,0.673,0.409
27/04/2017 11:00,2.26,0.031,19.352,0.272,1.979,1.11,0,0,1.267,0.873,0.393
27/04/2017 11:30,9.16,0.007,18.18,0.384,1.998,1.238,0,0,1.259,0.668,0.392
27/04/2017 12:00,9.065,0.024,20.5,0.396,2.118,0.868,0,0,1.257,0.668,0.415
27/04/2017 12:30,9.388,0.031,19.46,0.423,1.949,1.413,0,0,1.246,0.666,0.574
27/04/2017 13:00,8.332,0.025,19.1,0.393,1.935,0.965,0,0.075,1.254,0.666,0.597
27/04/2017 13:30,3.425,0.008,18.652,0.389,2.166,1.185,0,0,1.262,0.666,0.641
27/04/2017 14:00,8.353,0.033,17.512,0.36,2.116,0.955,0.003,0,1.262,0.667,0.618
27/04/2017 14:30,10.713,0.032,17.772,0.347,2.126,0.92,0.032,0.155,1.176,0.65,0.593
27/04/2017 15:00,9.735,0.017,16.54,0.834,1.994,1.093,0,0.029,0,0.026,0.102
27/04/2017 15:30,7.258,0.016,15.64,0.188,2.313,1.045,0,0.254,0,0.026,0.075
27/04/2017 16:00,6.615,0.034,16,0.05,2.403,1.367,0,0.203,0,0.026,0.074
27/04/2017 16:30,5.42,0.033,14.98,0.068,2.634,1.37,0,0.285,0.001,0.027,0.072
27/04/2017 17:00,0.125,0.008,14.872,0.048,2.336,1.173,0.021,0.594,0,0.026,0.086
27/04/2017 17:30,0.133,0.026,14.68,0.069,2.271,0.98,0.138,0.9,0,0.026,0.103
27/04/2017 18:00,0.465,0.033,15.648,0.264,1.775,0.482,0.144,0.778,0,0.027,0.101
27/04/2017 18:30,0.177,0.024,15.2,0.544,0.681,0.393,0.141,0.144,0,0.026,0.081
27/04/2017 19:00,0.173,0.01,13.532,0.048,0.512,0.33,0.138,0.113,0,0.027,0.061
27/04/2017 19:30,0.188,0.033,12.868,0.072,0.495,0.343,0.137,0.131,0,0.026,0.049
27/04/2017 20:00,0.19,0.032,11.64,0.061,0.509,0.41,0.143,0.276,0,0.026,0.048
27/04/2017 20:30,0.173,0.015,11.872,0.09,0.513,0.32,0.158,0.639,0,0.027,0.049
27/04/2017 21:00,0.17,0.018,12.78,0.091,0.498,0.338,0.128,0.591,0,0.026,0.065
27/04/2017 21:30,0.188,0.032,12.08,0.073,0.517,0.63,0.143,0.284,0.001,0.026,0.091
27/04/2017 22:00,0.185,0.03,12.112,0.059,0.523,0.333,0.132,0.69,0,0.027,0.104
27/04/2017 22:30,0.173,0.008,12.06,0.065,0.523,0.22,0.132,0.364,0,0.027,0.1
27/04/2017 23:00,0.175,0.026,10.468,0.066,0.522,0.233,0.135,0.237,0,0.026,0.072
27/04/2017 23:30,0.188,0.047,10.668,0.057,0.501,0.235,0.117,0.434,0,0.027,0.072
28/04/2017 0:00,0.455,0.068,9.852,0.066,0.492,0.233,0.171,1.955,0,0.027,0.072
28/04/2017 0:30,0.168,0.029,12.96,0.057,0.49,0.25,0.132,0.148,0,0.027,0.072
28/04/2017 1:00,0.18,0.039,14.34,0.068,0.443,0.292,0.116,0.08,0,0.026,0.052
28/04/2017 1:30,0.177,0.019,10.808,0.052,0.438,0.288,0.145,0.102,0.001,0.103,0.049
28/04/2017 2:00,0.177,0.017,9.48,0.068,0.437,0.238,0.113,0.584,0,0.027,0.061
28/04/2017 2:30,0.168,0.034,8.68,0.057,0.462,0.228,0.134,0.088,0,0.026,0.083
28/04/2017 3:00,0.188,0.03,9.852,0.066,0.497,0.532,0.147,0.088,0,0.08,0.104
28/04/2017 3:30,0.183,0.007,9.152,0.052,0.534,0.218,0.14,0.084,0,0.08,0.079
28/04/2017 4:00,0.098,0.028,9.88,0.071,0.633,0.2,0.131,0.084,0,0.177,0.072
28/04/2017 4:30,0.09,0.031,11.64,0.054,0.633,0.255,0.131,0.086,0,0.026,0.071
28/04/2017 5:00,0.108,0.019,14.24,0.065,0.64,0.198,0.132,0.723,0,0.161,0.071
28/04/2017 5:30,0.11,0.012,14.572,0.056,0.695,0.21,0.12,1.541,0,0.026,0.049
28/04/2017 6:00,0.085,0.03,12.7,0.066,0.651,0.218,0.141,1.236,0.074,0.039,0.048
28/04/2017 6:30,0.365,0.03,14.712,0.057,0.664,0.228,0.125,1.083,1.267,0.752,0.177
28/04/2017 7:00,0.105,0.01,14.792,0.152,0.873,0.527,0.021,0,1.114,0.664,0.22
28/04/2017 7:30,0.12,0.019,12.152,1.215,1.752,1.245,0.039,0,0,0.027,0.112
28/04/2017 8:00,1.98,0.03,13.2,0.503,1.76,1.04,0,0,0,0.027,0.088
28/04/2017 8:30,3.008,0.027,14.212,0.264,1.77,1.555,0,0.002,0.001,0.183,0.072
28/04/2017 9:00,3.335,0.005,15.94,0.26,2.027,1.525,0,0,0,0.079,0.072
28/04/2017 9:30,3.093,0.026,19.1,0.27,1.854,1.598,0,0,0.361,0.188,0.09
28/04/2017 10:00,1.988,0.03,21.432,0.291,1.808,1.403,0,0,1.288,0.722,0.636
28/04/2017 10:30,4.5,0.021,20.68,0.354,1.844,0.91,0,0,1.278,0.716,0.697
28/04/2017 11:00,9.785,0.009,19.072,0.282,1.964,1.113,0,0,1.573,1.106,0.97
28/04/2017 11:30,9.005,0.03,16.672,0.364,1.919,1.418,0,0,1.756,1.186,1.281
28/04/2017 12:00,5.223,0.031,14.172,0.395,1.97,1.103,0.005,0.014,1.766,1.185,1.268
28/04/2017 12:30,7.718,0.014,15.6,0.427,1.998,1.38,0.002,0.005,1.721,1.207,1.236
28/04/2017 13:00,6.205,0.016,15.2,0.35,2.004,1.38,0.002,0,1.711,1.218,1.18
28/04/2017 13:30,4.34,0.032,16.46,0.434,1.898,1.948,0,0,1.719,1.194,1.266
28/04/2017 14:00,4.628,0.032,16.32,0.909,1.892,1.59,0,0.102,1.672,1.154,1.229
28/04/2017 14:30,6.42,0.007,17.52,1.206,1.92,1.78,0.059,0.011,1.468,0.958,1.08
28/04/2017 15:00,7.873,0.024,12.2,0.728,1.863,1.905,0.033,0.048,1.254,0.667,0.578
28/04/2017 15:30,6.492,0.032,10.16,1.307,1.853,1.933,0.003,0.057,1.259,0.673,0.579
28/04/2017 16:00,5.63,0.025,10.18,1.215,2.001,1.78,0,0.802,1.25,0.67,0.607
28/04/2017 16:30,2.995,0.008,9.48,1.248,1.964,1.563,0.037,0.683,1.25,0.67,0.532
28/04/2017 17:00,0.135,0.032,8.78,1.238,1.919,1.295,0.033,0.651,0.011,0.058,0.117
28/04/2017 17:30,0.19,0.032,7.52,0.252,1.943,1.135,0.123,1.146,0,0.026,0.049
28/04/2017 18:00,0.212,0.017,7.268,0.095,1.268,1.32,0.137,0.278,0.001,0.027,0.048
28/04/2017 18:30,0.2,0.016,7.292,0.084,0.437,0.68,0.135,0.48,0,0.026,0.064
28/04/2017 19:00,0.205,0.032,8.98,0.05,0.423,0.56,0.125,0.107,0,0.027,0.074
28/04/2017 19:30,0.22,0.032,8.28,0.075,0.375,0.613,0.147,0.216,0,0.026,0.072
28/04/2017 20:00,0.212,0.009,6.24,0.051,0.424,0.525,0.134,1.605,0,0.027,0.08
28/04/2017 20:30,0.46,0.023,6.72,0.072,0.386,0.503,0.119,0.241,0,0.026,0.104
28/04/2017 21:00,0.218,0.032,6.66,0.051,0.426,0.52,0.148,0.228,0,0.027,0.101
28/04/2017 21:30,0.205,0.031,8.18,0.072,0.384,0.468,0.126,0.245,0,0.027,0.077
28/04/2017 22:00,0.208,0.061,7.432,0.054,0.384,0.448,0.128,0.243,0,0.026,0.049
28/04/2017 22:30,0.195,0.043,7.32,0.068,0.378,0.74,0.147,0.231,0.001,0.027,0.048
28/04/2017 23:00,0.212,0.036,7.352,0.052,0.39,0.427,0.113,0.15,0,0.026,0.061
28/04/2017 23:30,0.215,0.009,8.34,0.073,0.41,0.403,0.135,0.113,0,0.027,0.074
29/04/2017 0:00,0.205,0.031,7.412,0.052,0.377,0.422,0.135,0.101,0,0.026,0.072
29/04/2017 0:30,0.198,0.034,7.2,0.066,0.465,0.37,0.12,0.088,0,0.027,0.072
29/04/2017 1:00,0.212,0.018,8.448,0.054,0.455,0.415,0.134,0.563,0.001,0.026,0.103
29/04/2017 1:30,0.215,0.015,7.952,0.071,0.424,0.352,0.122,0.152,0,0.026,0.091
29/04/2017 2:00,0.19,0.033,6.66,0.05,0.413,0.373,0.129,0.623,0,0.027,0.061
29/04/2017 2:30,0.468,0.032,6.272,0.072,0.38,0.362,0.123,0.125,0,0.026,0.049
29/04/2017 3:00,0.21,0.007,5.692,0.05,0.358,0.348,0.131,0.57,0,0.151,0.062
29/04/2017 3:30,0.21,0.024,6.94,0.073,0.517,0.297,0.126,0.078,0,0.073,0.073
29/04/2017 4:00,0.113,0.03,7.912,0.05,0.52,0.66,0.12,0.101,0,0.08,0.072
29/04/2017 4:30,0.133,0.024,7.512,0.071,0.549,0.297,0.137,0.069,0.001,0.026,0.072
29/04/2017 5:00,0.138,0.006,7.34,0.047,0.57,0.305,0.113,0.123,0,0.083,0.058
29/04/2017 5:30,0.125,0.03,6.36,0.08,0.528,0.35,0.134,0.087,0,0.196,0.071
29/04/2017 6:00,0.11,0.029,6.72,0.044,0.561,0.275,0.208,0.099,0,0.026,0.078
29/04/2017 6:30,0.14,0.017,6.712,0.076,0.555,0.297,0.156,0.061,0,0.026,0.084
29/04/2017 7:00,0.13,0.013,6.232,0.045,0.541,0.302,0.021,0,0,0.027,0.074
29/04/2017 7:30,0.123,0.029,6.632,0.075,0.587,0.33,0,0,0,0.026,0.072
29/04/2017 8:00,0.128,0.029,6.792,0.047,0.532,0.6,0,0.003,0.001,0.026,0.072
29/04/2017 8:30,0.173,0.01,6.42,0.08,0.578,1.11,0,0.772,0,0.027,0.054
29/04/2017 9:00,0.362,0.019,5.48,0.045,0.532,0.912,0,0.002,0,0.026,0.049
29/04/2017 9:30,0.133,0.03,7.16,0.076,0.575,1.13,0,0,0.001,0.027,0.048
29/04/2017 10:00,0.118,0.028,7.94,0.047,0.503,1.52,0,0,0,0.026,0.074
29/04/2017 10:30,0.138,0.006,8.792,0.069,0.407,1.873,0,0,0.001,0.026,0.105
29/04/2017 11:00,0.138,0.025,8.272,0.057,0.404,1.195,0,0,0,0.027,0.101
29/04/2017 11:30,0.118,0.031,9.22,0.066,0.371,1.323,0,0,0.001,0.027,0.079
29/04/2017 12:00,0.135,0.023,8.98,0.057,0.537,1.813,0,0,0,0.026,0.072
29/04/2017 12:30,0.133,0.008,8.26,0.066,0.543,0.888,0,0,0.001,0.027,0.072
29/04/2017 13:00,0.143,0.031,7.992,0.059,0.507,0.635,0,0,0.001,0.026,0.067
29/04/2017 13:30,0.11,0.032,7.832,0.065,0.555,0.385,0,0,0,0.026,0.048
29/04/2017 14:00,0.133,0.02,7.772,0.063,0.503,0.302,0,0,0,0.027,0.049
29/04/2017 14:30,0.138,0.013,7.268,0.066,0.558,0.305,0,0,0.001,0.026,0.076
29/04/2017 15:00,0.133,0.034,6.16,0.099,0.543,0.308,0,0,0,0.027,0.105
29/04/2017 15:30,0.388,0.033,8.02,0.098,0.506,0.308,0,0.194,0,0.026,0.1
29/04/2017 16:00,0.13,0.013,7.612,0.075,0.547,0.328,0,0.239,0.001,0.027,0.076
29/04/2017 16:30,0.143,0.021,7.732,0.06,0.525,0.552,0,0.402,0,0.026,0.072
29/04/2017 17:00,0.128,0.034,8.48,0.066,0.486,0.395,0.047,0.664,0,0.026,0.077
29/04/2017 17:30,0.143,0.029,8.812,0.061,0.546,0.27,0.116,1.938,0,0.026,0.072
29/04/2017 18:00,0.212,0.009,8.08,0.063,0.514,0.325,0.143,1.356,0,0.027,0.071
29/04/2017 18:30,0.22,0.031,8,0.065,0.503,0.32,0.117,0.168,0,0.026,0.054
29/04/2017 19:00,0.205,0.049,8.64,0.059,0.549,0.292,0.152,0.113,0,0.027,0.058
29/04/2017 19:30,0.203,0.063,7.932,0.066,0.501,0.333,0.144,0.101,0.001,0.026,0.081
29/04/2017 20:00,0.215,0.055,6.84,0.061,0.52,0.273,0.122,0.108,0,0.027,0.103
29/04/2017 20:30,0.22,0.025,6.92,0.061,0.544,0.35,0.153,0.096,0,0.026,0.083
29/04/2017 21:00,0.193,0.016,5.32,0.059,0.489,0.318,0.122,0.102,0,0.027,0.073
29/04/2017 21:30,0.208,0.037,7.268,0.069,0.528,0.343,0.131,0.623,0,0.026,0.072
29/04/2017 22:00,0.48,0.033,7.9,0.056,0.525,0.283,0.152,0.664,0,0.027,0.072
29/04/2017 22:30,0.208,0.008,7.292,0.063,0.532,0.618,0.117,0.09,0,0.026,0.054
29/04/2017 23:00,0.203,0.029,7.248,0.061,0.581,0.258,0.131,0.108,0,0.027,0.049
29/04/2017 23:30,0.2,0.032,7.012,0.063,0.605,0.29,0.134,0.107,0,0.026,0.051
30/04/2017 0:00,0.223,0.021,8.348,0.057,0.556,0.297,0.126,0.526,0,0.026,0.104
30/04/2017 0:30,0.283,0.013,8.012,0.065,0.576,0.29,0.129,0.289,0,0.027,0.103
30/04/2017 1:00,0.25,0.032,8.752,0.06,0.567,0.242,0.129,0.098,0,0.026,0.088
30/04/2017 1:30,0.205,0.032,7.712,0.06,0.489,0.333,0.144,0.086,0.001,0.027,0.072
30/04/2017 2:00,0.218,0.01,6.92,0.061,0.526,0.245,0.12,0.099,0,0.026,0.07
30/04/2017 2:30,0.212,0.021,6.312,0.054,0.55,0.285,0.14,0.083,0,0.026,0.048
30/04/2017 3:00,0.205,0.03,5.24,0.066,0.537,0.27,0.131,0.935,0,0.027,0.049
30/04/2017 3:30,0.19,0.028,6.44,0.056,0.56,0.295,0.114,0.098,0,0.173,0.051
30/04/2017 4:00,0.405,0.005,6.712,0.068,0.526,0.532,0.145,0.095,0,0.13,0.075
30/04/2017 4:30,0.133,0.028,6.78,0.054,0.579,0.34,0.113,0.081,0,0.027,0.094
30/04/2017 5:00,0.13,0.03,6.58,0.066,0.532,0.297,0.129,0.101,0.001,0.08,0.102
30/04/2017 5:30,0.118,0.02,6.412,0.05,0.534,0.297,0.135,0.105,0,0.026,0.092
30/04/2017 6:00,0.13,0.01,7.228,0.075,0.566,0.238,0.122,0.086,0,0.28,0.055
30/04/2017 6:30,0.135,0.029,8.488,0.051,0.503,0.308,0.123,0.087,0,0.176,0.049
30/04/2017 7:00,0.13,0.03,9.36,0.075,0.547,0.223,0.086,0.02,0,0.026,0.048
30/04/2017 7:30,0.113,0.012,7.492,0.054,0.54,0.275,0.035,0,0,0.026,0.066
30/04/2017 8:00,0.143,0.017,7.068,0.075,0.544,0.238,0,0.218,0,0.087,0.073
30/04/2017 8:30,0.135,0.03,6.692,0.056,0.544,0.263,0,0.17,0.001,0.212,0.073
30/04/2017 9:00,0.12,0.029,5.532,0.078,0.556,0.253,0.002,0.306,0,0.027,0.083
30/04/2017 9:30,0.13,0.007,8.36,0.054,0.532,0.242,0,0.032,0,0.026,0.104
30/04/2017 10:00,0.13,0.023,7.772,0.073,0.558,0.525,0,0,0,0.026,0.077
30/04/2017 10:30,0.41,0.029,7.42,0.06,0.381,0.23,0,0,0.001,0.027,0.049
30/04/2017 11:00,0.123,0.026,7.292,0.113,0.424,0.208,0,0,0,0.026,0.05
30/04/2017 11:30,0.123,0.007,7.62,0.088,0.381,0.203,0,0,0.001,0.027,0.075
30/04/2017 12:00,0.143,0.029,7.832,0.09,0.424,0.268,0,0,0,0.027,0.073
30/04/2017 12:30,0.135,0.031,7.94,0.044,0.363,0.203,0,0,0.001,0.026,0.072
30/04/2017 13:00,0.12,0.021,8.02,0.084,0.41,0.34,0,0,0,0.027,0.072
30/04/2017 13:30,0.128,0.012,8.612,0.045,0.357,0.28,0,0.132,0.001,0.026,0.08
30/04/2017 14:00,0.143,0.032,8.428,0.078,0.418,0.308,0,0,0,0.027,0.104
30/04/2017 14:30,0.13,0.034,7.712,0.719,0.399,0.275,0,0,0.001,0.026,0.101
30/04/2017 15:00,0.123,0.014,6.932,1.109,0.483,0.288,0,0,0,0.027,0.083
30/04/2017 15:30,0.128,0.019,7.6,0.864,0.364,0.273,0,0,0.927,0.476,0.129
30/04/2017 16:00,0.14,0.034,7.772,0.837,0.374,0.578,0,0,1.219,0.674,0.195
30/04/2017 16:30,0.135,0.032,7.892,0.315,0.363,0.233,0,0.383,0,0.026,0.07
30/04/2017 17:00,0.388,0.065,7.74,0.066,0.38,0.333,0.047,0.225,0,0.027,0.075
30/04/2017 17:30,0.155,0.068,7.492,0.052,0.395,0.228,0.137,1.179,0.001,0.026,0.077
30/04/2017 18:00,0.218,0.014,7.032,0.081,0.348,0.323,0.117,1.736,0,0.026,0.076
30/04/2017 18:30,0.212,0.033,7.492,0.059,0.389,0.258,0.135,1.892,0,0.027,0.104
30/04/2017 19:00,0.19,0.039,8.592,0.065,0.378,0.285,0.131,1.617,0,0.026,0.102
30/04/2017 19:30,0.22,0.015,8.94,0.061,0.35,0.285,0.132,0.777,0,0.027,0.091
30/04/2017 20:00,0.215,0.022,8.94,0.059,0.398,0.273,0.141,0.725,0,0.026,0.066
30/04/2017 20:30,0.205,0.036,7.712,0.061,0.358,0.273,0.123,1.349,0,0.027,0.049
30/04/2017 21:00,0.203,0.027,6.512,0.06,0.404,0.29,0.137,0.933,0,0.026,0.048
30/04/2017 21:30,0.215,0.008,7.772,0.06,0.344,0.27,0.141,0.12,0,0.027,0.056
30/04/2017 22:00,0.215,0.034,7.08,0.061,0.399,0.555,0.129,0.11,0.001,0.026,0.074
30/04/2017 22:30,0.2,0.034,6.72,0.059,0.375,0.305,0.134,0.147,0,0.027,0.073
30/04/2017 23:00,0.203,0.016,6.58,0.063,0.361,0.228,0.135,0.105,0,0.026,0.097
30/04/2017 23:30,0.413,0.017,6.992,0.057,0.438,0.302,0.132,0.11,0,0.027,0.102
1/05/2017 0:00,0.283,0.033,6.62,0.065,0.443,0.253,0.125,0.099,0,0.026,0.098
